1000
100000010010 0
000110001101 0
110111011001 0
111000100110 0
011000000110 0
001110110110 0
111110101011 1
100001001111 0
000101001011 0
010000001110 0
111111010011 1
010010100001 0
011010111000 0
010100100011 0
011111111001 1
111000011111 1
101101010010 0
101010100011 0
000110011110 0
110100010000 0
100110011010 0
000011001011 0
110110100000 0
000001000100 0
001001111011 0
100111110010 1
111111101010 1
111011110101 0
010101100000 0
110011100010 0
101100010000 0
001001011000 0
111101110010 0
001001000111 0
010110100110 0
010001100101 0
001010101111 0
011010000001 0
101011101000 0
011110000010 0
101000000011 0
110111101010 0
010011110010 0
101111010001 0
101101000100 0
111101010011 0
000111101110 0
100001010101 0
010111011010 0
101101001010 0
001011110101 0
000111010001 0
000100111110 1
011110011110 0
111100001110 0
101010101000 0
011000111010 0
001100111111 1
000000110001 0
111000011101 0
001010111110 1
100001110011 0
011011110000 0
001010110111 0
000111000001 0
110011011001 0
001110011010 0
111111011100 1
011101110001 0
010011011001 0
010100000010 0
100100000111 0
000111101010 0
010011101001 0
000111001100 0
101011110100 0
000100111101 0
111011100010 0
000001111010 0
111100001110 0
011011010001 0
011110111011 0
111110000100 1
001000011000 0
111100110110 0
101100000000 0
011011011111 1
000011010000 0
010101101011 0
101010111001 0
110000110110 0
001000101010 0
111111000000 1
011111010110 1
001010101010 0
001001101111 0
100111011011 0
001000011100 0
110011011001 0
111010011100 0
010010110110 0
000010001011 0
101010100001 0
111110100111 1
011000011001 0
110110010100 0
010110011110 0
111010101111 0
001000010110 0
100000111011 0
100111000010 0
001100111101 0
000011100011 0
100011111011 1
111011001001 0
100000111110 1
100100100011 0
110000110001 0
001001100110 0
011100101000 0
011110001000 0
101011110001 0
000110101011 0
001110010101 0
000010011001 0
001100111101 0
100011100001 0
110010011111 1
001100010011 0
001100000111 0
111011010001 0
011001110101 0
101101000000 0
000110111000 0
000111001001 0
101110001000 0
000101011111 1
001100111110 1
101100110011 0
100110110111 0
000101111011 0
010100010001 0
100000011001 0
111011110110 0
010010110101 0
010110101111 0
011011110110 0
100001011011 0
010000011111 1
000011111001 1
011110011010 0
011001110001 0
101001100000 0
010011010010 0
101110011111 1
010110011110 0
000011011011 0
111010010100 0
001100101011 0
000000100000 0
001110110101 0
101000011001 0
010010111111 1
100001000011 0
101101110111 0
100000001111 0
111001101110 0
111100000001 0
010111100100 0
110001110110 0
110110101101 0
100010001111 0
110011111001 1
010100000101 0
010111001000 0
001000011000 0
110110010000 0
010111110010 1
000010000111 0
001111001101 0
000111101110 0
100111101101 0
100100011001 0
011111001110 1
001100100001 0
111011110110 0
111101100000 0
101100011000 0
010110001111 0
011000001111 0
010100110011 0
001111110000 1
111010111111 1
101011100011 0
011111000010 1
111100110001 0
101100000111 0
110000010101 0
110000101110 0
010101101000 0
010001101110 0
110110001010 0
011111011001 1
101100110001 0
110101010101 0
111011010001 0
010100011110 0
100001001010 0
100101000110 0
111010110101 0
100110000101 0
011011010011 0
000001011111 1
010011110000 0
011010010111 0
110001000000 0
010000101101 0
001101011101 0
001111011101 0
110110011110 0
101101101100 0
010001000001 0
001111000110 0
001010110111 0
110111111010 1
101010111101 0
010011000010 0
001111011000 0
100011011000 0
000011110011 0
001000010000 0
110100011011 0
011101011010 0
001010011100 0
001001100100 0
000111110100 1
010001000010 0
000010011001 0
110010001110 0
011001011111 1
011011101110 0
000110000001 0
011101010110 0
100100001000 0
011111111100 1
101001010011 0
010000111110 1
111000000100 0
110101100100 0
100011001001 0
001111000101 0
010100101100 0
001000000011 0
101010101001 0
001000011100 0
010000101101 0
001110010010 0
110101010110 0
100100010110 0
010000010110 0
110110100101 0
100111100111 0
101100110001 0
011010001110 0
111100000111 0
100101011111 1
011001111011 0
000010111101 0
010110000110 0
111010100000 0
011111011111 1
000100001011 0
000111001011 0
100100110001 0
110110000000 0
100111101111 0
101111100001 1
010000100000 0
001010111111 1
110101101110 0
100010010010 0
110110100110 0
111111101111 1
001100111000 0
010101111010 0
111100111010 0
010010001011 0
001111001001 0
010111001000 0
110000111110 1
000001000110 0
001011111100 1
100111110110 1
100111011110 0
010111100000 0
110101100000 0
100100111011 0
110100100101 0
111110110100 1
110111001010 0
011110011111 1
001110111010 0
110011110000 0
110100011011 0
000000100101 0
011010110001 0
000011101001 0
110011100111 0
011110011010 0
000000110110 0
000100010000 0
100111101011 0
001100010100 0
000100000011 0
110101101001 0
011111110111 1
010010111100 0
101000001011 0
010000001110 0
101011100001 0
001100000000 0
001111010000 0
010110110011 0
001011000010 0
010101101110 0
111110101110 1
110110111000 0
111000000011 0
000101110110 0
000100101001 0
111010100110 0
100010000000 0
110011100010 0
001101010110 0
001001111000 0
011111101001 1
111101101001 0
010101110100 0
101110100100 0
101010101000 0
000100010001 0
101110100111 0
111010000000 0
001011010110 0
110101110011 0
100001101001 0
100011000101 0
010110100100 0
100010000101 0
011010001100 0
011111100010 1
000110001010 0
011100000011 0
001100110000 0
010100111101 0
111001100001 0
110100110100 0
100001001001 0
000010010010 0
100111100100 0
101111100010 1
011110110111 0
001011101111 0
110111001110 0
011110100101 0
010101111101 1
001100000001 0
100000001111 0
010010110001 0
110101011100 0
001101111100 1
011110100011 0
110100011101 0
001011100101 0
110001011100 0
000011101111 0
010111000000 0
010110001000 0
001001101100 0
110011011001 0
110001010110 0
011101100111 0
001110100010 0
100010101100 0
001100000010 0
000111101000 0
111100010110 0
110111011001 0
100010111010 0
000101000101 0
010010010110 0
100101111011 0
011010001101 0
011111001111 1
000100010110 0
001101111011 0
101111101000 1
011111100101 1
011111001000 1
100011000010 0
011000111010 0
110111111110 1
011110001000 0
100100001011 0
000001111101 1
000011011001 0
000110100001 0
001101101100 0
100010011110 0
111011001100 0
101110001111 0
000100011001 0
010101100111 0
000000110110 0
100000010111 0
110000100010 0
010001101010 0
011100010001 0
100010110101 0
000111101011 0
001011000001 0
000101011000 0
001101010100 0
001011001010 0
101110000111 0
000100101000 0
000001010110 0
111010010111 0
010011000010 0
101110011111 1
011101101000 0
101010100001 0
001110101100 0
111001100100 0
101100101110 0
011010001101 0
010010100010 0
010000000100 0
001110001000 0
011010111010 0
000000000111 0
001000000000 0
101011011100 0
111011000110 0
101000010000 0
011010100101 0
000000001100 0
011001000001 0
101011011100 0
111100110011 0
100000010000 0
110111010101 0
111100100110 0
011100100000 0
101011111010 1
011010111101 0
110110101101 0
101000110110 0
101100111000 0
111000100001 0
111111011100 1
011110111001 0
001011101000 0
110110001001 0
001001001110 0
100001101010 0
100010010111 0
101001110110 0
110100110110 0
011010010011 0
100110101011 0
010111011101 0
100111001110 0
011010110111 0
000110000001 0
001011001001 0
010000011101 0
111011101001 0
100101111010 0
010111100011 0
010001111001 0
101001001111 0
011000100010 0
000000011000 0
010111001000 0
000110111101 0
000101110100 0
101100001111 0
101110001110 0
110011101101 0
110010010001 0
101101101011 0
001110001100 0
100010111100 0
000111000011 0
100001111001 0
100101111011 0
100000000011 0
010000100011 0
100101100100 0
110010100011 0
101000101001 0
010000011100 0
100000111010 0
011110101101 0
111000101111 0
010010101100 0
110100011111 1
110011101101 0
110010010000 0
010111101110 0
111011001010 0
101001111000 0
110111110011 1
100000001100 0
000100111111 1
110111110111 1
000001110000 0
101010101100 0
101111101100 1
001000011001 0
000011110011 0
110100100110 0
011001000110 0
110001110000 0
110010101111 0
110011011100 0
101110001100 0
011110101100 0
010110100100 0
011001111111 1
100010110000 0
011001101010 0
101010001000 0
111111111110 1
011110000101 0
100011111011 1
101110101000 0
110001100011 0
010111010110 0
010110010001 0
000111000001 0
000101010101 0
010001101001 0
100100111100 0
000011110111 0
001101110100 0
011100001000 0
100101000000 0
010100000000 0
100110001101 0
110111111011 1
001001000111 0
000000011111 1
011001100001 0
110101111111 1
011011000000 0
000010000101 0
100001100000 0
011111001001 1
100000000001 0
100011101011 0
110001101010 0
101110000110 0
000000011001 0
101010011100 0
010010011001 0
110111101111 0
111100001111 0
011101000100 0
011100000010 0
101001100111 0
101000110100 0
001100001001 0
110001111011 0
001111100000 1
110111110111 1
000100111111 1
010111111110 1
111111100100 1
110001111110 1
100100011111 1
111110000111 1
011111111101 1
111111100010 1
011111100101 1
010010011111 1
111110011111 1
110111110011 1
001101011111 1
111100111111 1
001111111001 1
110111111101 1
111110101111 1
111111000011 1
111110111011 1
000111111000 1
111111110010 1
111001011111 1
101111111111 1
011110111111 1
110101011111 1
111111111000 1
011000111111 1
110111110011 1
100111110100 1
011001111101 1
110111110001 1
111110001101 1
011111111011 1
011011111111 1
100100011111 1
001111100001 1
001101111110 1
100110111110 1
110110111111 1
110111111100 1
111010111111 1
001101111101 1
001011111000 1
001111111111 1
100101011111 1
011111111011 1
000001111110 1
001100111110 1
001011111010 1
011111011000 1
110010111111 1
111110111110 1
101011111100 1
011111001000 1
101111111010 1
111110101111 1
110111111001 1
111111001011 1
000110111110 1
010111111100 1
001111100000 1
111110000000 1
000111110110 1
000111110110 1
011011111011 1
111110110010 1
000111110111 1
000100111111 1
001010011111 1
110001111101 1
000101111110 1
111111101110 1
011111000000 1
111111010010 1
111110111011 1
101110111110 1
001111110011 1
110001011111 1
100011111001 1
111111110111 1
001111101100 1
111110010000 1
110000111110 1
010111110000 1
110100111111 1
111011111110 1
111110100101 1
011111100011 1
001111100011 1
110101111100 1
111111111101 1
111101111110 1
001111111100 1
111111101000 1
000011111101 1
101011111110 1
111000111111 1
011011111110 1
001101111110 1
011111100101 1
111110110001 1
011111010011 1
111110001100 1
111011011111 1
010001011111 1
001111100001 1
111110000010 1
111111101111 1
001111100101 1
110111111101 1
101111111100 1
100001111110 1
011110011111 1
100011111101 1
110011111110 1
101000111110 1
110111110101 1
010001011111 1
111110100000 1
011111100001 1
111111011000 1
011111100010 1
110011111101 1
101010111110 1
111110010100 1
110011111111 1
100011111110 1
101111100101 1
001111110011 1
111110111000 1
111111100110 1
000001111101 1
010111111000 1
000111111000 1
100111111110 1
011011111011 1
110011011111 1
011111010011 1
111110110110 1
101111111011 1
101110111111 1
101000111111 1
100001111100 1
101101111100 1
110111110111 1
111111010011 1
100101111111 1
101101111111 1
001111111010 1
111111111110 1
100011111110 1
010111011111 1
100000111111 1
011110111110 1
111111010110 1
111010111111 1
111110101001 1
110001111100 1
000111110100 1
011111101110 1
101111111110 1
001111100110 1
101101111111 1
110011111101 1
011111111001 1
111110111101 1
000111111011 1
001101111111 1
100011111111 1
100101011111 1
010111111110 1
111110011011 1
001111110111 1
100000111111 1
011111100110 1
101110111111 1
101111100110 1
001111110010 1
110011111011 1
111110101010 1
101111101111 1
110001111111 1
011111111101 1
011011111101 1
111110010111 1
111110010010 1
111110111001 1
011110111110 1
100011111001 1
101111101110 1
010011111001 1
001111110110 1
000111110011 1
101111011111 1
110011111010 1
011111111010 1
010011111110 1
101111111100 1
111110100000 1
101011011111 1
010011111001 1
110111110101 1
111111110010 1
110111111001 1
000010111110 1
111111001110 1
110010111111 1
011111001100 1
111011111110 1
101111100001 1
101111110011 1
101111101100 1
111001111111 1
011111011011 1
011110011111 1
111110010111 1
111110010100 1
001111100011 1
001111100011 1
101101011111 1
100100111111 1
010101011111 1
001111100110 1
111110011110 1
011111011111 1
001110011111 1
111011111110 1
101011111101 1
111110111000 1
011000011111 1
101110111110 1
011111000001 1
100001111110 1
011111011010 1
011111111001 1
101011111001 1
110001111100 1
011111000010 1
111110011111 1
010111110011 1
011111101111 1
100011111001 1
010100011111 1
001111110111 1
011100111111 1
110101111111 1
110100011111 1
111011111001 1
001101111111 1
010000111110 1
010111110101 1
101110111111 1
111101111111 1
110101111110 1
011111010001 1
111011111001 1
111101011111 1
000001011111 1
000011111000 1
000001111101 1
101111100100 1
001111110010 1
001111111110 1
100111111011 1
111111011000 1
100111111001 1
111111101011 1
011111111110 1
001011111010 1
111111100110 1
110111111010 1
000001011111 1
010001011111 1
111110001101 1
111110110010 1
000111111011 1
001111111011 1
101111111010 1
011000111111 1
010111110110 1
110111111111 1
011111101110 1
010100111111 1
010010111111 1
101111110001 1
000011111000 1
101111101110 1
100111110101 1
011111011100 1
111111100001 1
111011111110 1
101001111111 1
101111100101 1
110100111110 1
110010011111 1
011111000000 1
000111110010 1
000010011111 1
010001111101 1
101000011111 1
011110111111 1
111100011111 1
111110110110 1
100100111111 1
111110111000 1
110111110000 1
100101011111 1
000011111100 1
111110101001 1
111111001100 1
011100111110 1
110000111110 1
111111100111 1
000001011111 1
111010011111 1
001111111101 1
111011111110 1
101111100110 1
010001111111 1
111100111110 1
110111110011 1
111111000101 1
000111110010 1
001110011111 1
011111010101 1
111111011011 1
111111101101 1
111110010000 1
111110110001 1
111111111000 1
111110100011 1
111111001011 1
101111100000 1
000101111101 1
000101011111 1
110110011111 1
111111101101 1
000100111111 1
111110011001 1
110010011111 1
101110111111 1
000111111110 1
101111100011 1
011000111111 1
101001111111 1
111111111010 1
111011111101 1
111010011111 1
111110000000 1
111110010101 1
111111001110 1
101110111111 1
001111110110 1
001111111011 1
110001011111 1
001111110010 1
110011111011 1
011111001101 1
111111100110 1
011011111001 1
111111111001 1
001111100010 1
001001111100 1
101111100010 1
100100111110 1
000111011111 1
110001111100 1
101011111001 1
101111111111 1
010000011111 1
001110111111 1
000011111011 1
111110001010 1
000111111101 1
111101111101 1
000111111110 1
100001111100 1
011111100010 1
000010111111 1
100010111111 1
010101111101 1
101111101011 1
010111110110 1
111110001100 1
011111001101 1
111110100011 1
011111111111 1
010111110110 1
100100011111 1
000000111111 1
110111110000 1
011001111111 1
111111011101 1
100101111100 1
101001111100 1
001100011111 1
000111110010 1
111101111110 1
011001111110 1
011011111111 1
010111011111 1
110000111110 1
100111110010 1
101111110011 1
011001111101 1
111111101000 1
011111010000 1
101111100000 1
011111110100 1
001011111101 1
011010111111 1
111110110000 1
001100111111 1
000111110110 1
001111101110 1
100101111101 1
100101111111 1
100100011111 1
101000011111 1
010111111000 1
001111110101 1
001111100111 1
111110100011 1
