[  6.08839399e-02   1.21779090e-01   1.21804363e-01   1.21839521e-01
   1.21888745e-01   1.21952036e-01   1.22029396e-01   1.22120827e-01
   1.22226331e-01   1.22345910e-01   1.22479569e-01   1.22627310e-01
   1.22789136e-01   1.22965052e-01   1.23155062e-01   1.23359171e-01
   1.23577384e-01   1.23809706e-01   1.24056143e-01   1.24316701e-01
   1.24591387e-01   1.24880207e-01   1.25183169e-01   1.25500280e-01
   1.25831547e-01   1.26176980e-01   1.26536586e-01   1.26910375e-01
   1.27298356e-01   1.27700537e-01   1.28116930e-01   1.28547544e-01
   1.28992391e-01   1.29451480e-01   1.29924823e-01   1.30412433e-01
   1.30914320e-01   1.31430497e-01   1.31960977e-01   1.32505773e-01
   1.33064898e-01   1.33638367e-01   1.34226191e-01   1.34828388e-01
   1.35444970e-01   1.36075953e-01   1.36721353e-01   1.37381185e-01
   1.38055466e-01   1.38744211e-01   1.39447438e-01   1.40165164e-01
   1.40897406e-01   1.41644182e-01   1.42405510e-01   1.43181409e-01
   1.43971898e-01   1.44776996e-01   1.45596722e-01   1.46431096e-01
   1.47280140e-01   1.48143873e-01   1.49022316e-01   1.49915491e-01
   1.50823420e-01   1.51746125e-01   1.52683628e-01   1.53635952e-01
   1.54603120e-01   1.55585156e-01   1.56582084e-01   1.57593929e-01
   1.58620714e-01   1.59662466e-01   1.60719209e-01   1.61790971e-01
   1.62877776e-01   1.63979653e-01   1.65096627e-01   1.66228728e-01
   1.67375982e-01   1.68538418e-01   1.69716065e-01   1.70908953e-01
   1.72117112e-01   1.73340571e-01   1.74579362e-01   1.75833515e-01
   1.77103062e-01   1.78388037e-01   1.79688470e-01   1.81004397e-01
   1.82335849e-01   1.83682863e-01   1.85045472e-01   1.86423712e-01
   1.87817620e-01   1.89227231e-01   1.90652583e-01   1.92093714e-01
   1.93550662e-01   1.95023467e-01   1.96512168e-01   1.98016806e-01
   1.99537422e-01   2.01074058e-01   2.02626757e-01   2.04195562e-01
   2.05780518e-01   2.07381670e-01   2.08999063e-01   2.10632745e-01
   2.12282762e-01   2.13949165e-01   2.15632002e-01   2.17331324e-01
   2.19047183e-01   2.20779631e-01   2.22528722e-01   2.24294510e-01
   2.26077053e-01   2.27876407e-01   2.29692630e-01   2.31525783e-01
   2.33375926e-01   2.35243121e-01   2.37127434e-01   2.39028928e-01
   2.40947670e-01   2.42883730e-01   2.44837177e-01   2.46808082e-01
   2.48796520e-01   2.50802565e-01   2.52826295e-01   2.54867788e-01
   2.56927126e-01   2.59004391e-01   2.61099670e-01   2.63213049e-01
   2.65344619e-01   2.67494472e-01   2.69662703e-01   2.71849408e-01
   2.74054689e-01   2.76278648e-01   2.78521391e-01   2.80783026e-01
   2.83063667e-01   2.85363427e-01   2.87682426e-01   2.90020785e-01
   2.92378631e-01   2.94756093e-01   2.97153304e-01   2.99570402e-01
   3.02007530e-01   3.04464833e-01   3.06942462e-01   3.09440573e-01
   3.11959326e-01   3.14498889e-01   3.17059431e-01   3.19641130e-01
   3.22244169e-01   3.24868737e-01   3.27515028e-01   3.30183246e-01
   3.32873599e-01   3.35586303e-01   3.38321582e-01   3.41079666e-01
   3.43860798e-01   3.46665223e-01   3.49493200e-01   3.52344995e-01
   3.55220885e-01   3.58121156e-01   3.61046106e-01   3.63996043e-01
   3.66971287e-01   3.69972170e-01   3.72999039e-01   3.76052251e-01
   3.79132180e-01   3.82239214e-01   3.85373755e-01   3.88536223e-01
   3.91727056e-01   3.94946708e-01   3.98195652e-01   4.01474383e-01
   4.04783415e-01   4.08123287e-01   4.11494557e-01   4.14897812e-01
   4.18333663e-01   4.21802748e-01   4.25305737e-01   4.28843328e-01
   4.32416252e-01   4.36025277e-01   4.39671207e-01   4.43354883e-01
   4.47077191e-01   4.50839058e-01   4.54641462e-01   4.58485429e-01
   4.62372039e-01   4.66302430e-01   4.70277803e-01   4.74299423e-01
   4.78368628e-01   4.82486831e-01   4.86655527e-01   4.90876301e-01
   4.95150833e-01   4.99480905e-01   5.03868414e-01   5.08315376e-01
   5.12823940e-01   5.17396400e-01   5.22035205e-01   5.26742977e-01
   5.31522527e-01   5.36376872e-01   5.41309258e-01   5.46323180e-01
   5.51422414e-01   5.56611045e-01   5.61893502e-01   5.67274598e-01
   5.72759580e-01   5.78354178e-01   5.84064672e-01   5.89897963e-01
   5.95861662e-01   6.01964189e-01   6.08214901e-01   6.14624232e-01
   6.21203877e-01   6.27967000e-01   6.34928510e-01   6.42105380e-01
   6.49517069e-01   6.57186046e-01   6.65138465e-01   6.73405057e-01
   6.82022303e-01   6.91034051e-01   7.00493762e-01   7.10467844e-01
   7.21041070e-01   7.32327310e-01   7.44497158e-01   7.57865496e-01
   7.73189367e-01   7.92635732e-01   8.22473642e-01   8.78186719e-01
   9.85565022e-01   1.15906266e+00   1.36473372e+00   1.53861778e+00
   1.65483896e+00   1.73199498e+00   1.79162987e+00   1.84414878e+00
   1.89334632e+00   1.94059088e+00   1.98648270e+00   2.03136490e+00
   2.07547215e+00   2.11897951e+00   2.16202323e+00   2.20471216e+00
   2.24713498e+00   2.28936503e+00   2.33146375e+00   2.37348317e+00
   2.41546775e+00   2.45745577e+00   2.49948042e+00   2.54157064e+00
   2.58375173e+00   2.62604597e+00   2.66847296e+00   2.71105001e+00
   2.75379245e+00   2.79671381e+00   2.83982606e+00   2.88313976e+00
   2.92666420e+00   2.97040754e+00   3.01437687e+00   3.05857834e+00
   3.10301719e+00   3.14769786e+00   3.19262402e+00   3.23779861e+00
   3.28322389e+00   3.32890150e+00   3.37483246e+00   3.42101719e+00
   3.46745557e+00   3.51414695e+00   3.56109014e+00   3.60828347e+00
   3.65572475e+00   3.70341134e+00   3.75134013e+00   3.79950756e+00
   3.84790959e+00   3.89654177e+00   3.94539922e+00   3.99447660e+00
   4.04376817e+00   4.09326775e+00   4.14296878e+00   4.19286423e+00
   4.24294671e+00   4.29320839e+00   4.34364104e+00   4.39423603e+00
   4.44498431e+00   4.49587643e+00   4.54690257e+00   4.59805245e+00
   4.64931543e+00   4.70068047e+00   4.75213610e+00   4.80367048e+00
   4.85527136e+00   4.90692610e+00   4.95862164e+00   5.01034456e+00
   5.06208100e+00   5.11381676e+00   5.16553719e+00   5.21722730e+00
   5.26887167e+00   5.32045452e+00   5.37195966e+00   5.42337054e+00
   5.47467021e+00   5.52584134e+00   5.57686623e+00   5.62772682e+00
   5.67840465e+00   5.72888092e+00   5.77913645e+00   5.82915171e+00
   5.87890681e+00   5.92838153e+00   5.97755527e+00   6.02640713e+00
   6.07491585e+00   6.12305987e+00   6.17081728e+00   6.21816588e+00
   6.26508315e+00   6.31154629e+00   6.35753219e+00   6.40301748e+00
   6.44797850e+00   6.49239133e+00   6.53623181e+00   6.57947553e+00
   6.62209783e+00   6.66407386e+00   6.70537854e+00   6.74598659e+00
   6.78587254e+00   6.82501078e+00   6.86337549e+00   6.90094073e+00
   6.93768042e+00   6.97356836e+00   7.00857825e+00   7.04268370e+00
   7.07585822e+00   7.10807530e+00   7.13930835e+00   7.16953078e+00
   7.19871596e+00   7.22683731e+00   7.25386822e+00   7.27978217e+00
   7.30455268e+00   7.32815333e+00   7.35055783e+00   7.37173999e+00
   7.39167374e+00   7.41033320e+00   7.42769263e+00   7.44372649e+00
   7.45840948e+00   7.47171651e+00   7.48362274e+00   7.49410362e+00
   7.50313491e+00   7.51069265e+00   7.51675324e+00   7.52129344e+00
   7.52429040e+00   7.52572164e+00   7.52556513e+00   7.52379928e+00
   7.52040295e+00   7.51535551e+00   7.50863681e+00   7.50022726e+00
   7.49010778e+00   7.47825989e+00   7.46466568e+00   7.44930786e+00
   7.43216978e+00   7.41323541e+00   7.39248940e+00   7.36991711e+00
   7.34550457e+00   7.31923856e+00   7.29110658e+00   7.26109691e+00
   7.22919857e+00   7.19540142e+00   7.15969609e+00   7.12207403e+00
   7.08252755e+00   7.04104978e+00   6.99763473e+00   6.95227726e+00
   6.90497314e+00   6.85571900e+00   6.80451239e+00   6.75135176e+00
   6.69623647e+00   6.63916679e+00   6.58014391e+00   6.51916995e+00
   6.45624793e+00   6.39138180e+00   6.32457638e+00   6.25583744e+00
   6.18517160e+00   6.11258636e+00   6.03809006e+00   5.96169190e+00
   5.88340183e+00   5.80323059e+00   5.72118965e+00   5.63729112e+00
   5.55154772e+00   5.46397273e+00   5.37457985e+00   5.28338314e+00
   5.19039685e+00   5.09563534e+00   4.99911281e+00   4.90084317e+00
   4.80083969e+00   4.69911474e+00   4.59567934e+00   4.49054266e+00
   4.38371143e+00   4.27518909e+00   4.16497479e+00   4.05306211e+00
   3.93943732e+00   3.82407713e+00   3.70694569e+00   3.58799045e+00
   3.46713650e+00   3.34427846e+00   3.21926871e+00   3.09189977e+00
   2.96187676e+00   2.82877231e+00   2.69194719e+00   2.55038906e+00
   2.40223994e+00   2.24246020e+00   2.05033358e+00   1.75923378e+00
   1.33635726e+00   9.39587659e-01   7.12044562e-01   6.03445039e-01
   5.36612304e-01   4.81269035e-01   4.30495684e-01   3.82291442e-01
   3.35672975e-01   2.90033884e-01   2.44976532e-01   2.00237947e-01
   1.55649330e-01   1.11110721e-01   6.65726760e-02   2.20209669e-02
  -2.25376764e-02  -6.70895947e-02  -1.11628221e-01  -1.56168113e-01
  -2.00759217e-01  -2.45502200e-01  -2.90566827e-01  -3.36217436e-01
  -3.82853700e-01  -4.31085368e-01  -4.81902603e-01  -5.37329961e-01
  -6.04416508e-01  -7.13941371e-01  -9.43520238e-01  -1.34189804e+00
  -1.76387815e+00  -2.05325266e+00  -2.24471616e+00  -2.40431592e+00
  -2.55239954e+00  -2.69392777e+00  -2.83074123e+00  -2.96384588e+00
  -3.09387759e+00  -3.22126168e+00  -3.34629171e+00  -3.46917429e+00
  -3.59005639e+00  -3.70904296e+00  -3.82620860e+00  -3.94160561e+00
  -4.05526967e+00  -4.16722394e+00  -4.27748203e+00  -4.38605033e+00
  -4.49292960e+00  -4.59811636e+00  -4.70160389e+00  -4.80338296e+00
  -4.90344256e+00  -5.00177033e+00  -5.09835297e+00  -5.19317661e+00
  -5.28622703e+00  -5.37748991e+00  -5.46695100e+00  -5.55459627e+00
  -5.64041202e+00  -5.72438502e+00  -5.80650257e+00  -5.88675256e+00
  -5.96512358e+00  -6.04160491e+00  -6.11618662e+00  -6.18885955e+00
  -6.25961540e+00  -6.32844669e+00  -6.39534683e+00  -6.46031011e+00
  -6.52333173e+00  -6.58440778e+00  -6.64353527e+00  -6.70071213e+00
  -6.75593722e+00  -6.80921029e+00  -6.86053203e+00  -6.90990404e+00
  -6.95732881e+00  -7.00280974e+00  -7.04635112e+00  -7.08795813e+00
  -7.12763682e+00  -7.16539408e+00  -7.20123767e+00  -7.23517617e+00
  -7.26721901e+00  -7.29737639e+00  -7.32565933e+00  -7.35207959e+00
  -7.37664974e+00  -7.39938304e+00  -7.42029351e+00  -7.43939586e+00
  -7.45670549e+00  -7.47223846e+00  -7.48601151e+00  -7.49804196e+00
  -7.50834780e+00  -7.51694755e+00  -7.52386035e+00  -7.52910585e+00
  -7.53270425e+00  -7.53467626e+00  -7.53504306e+00  -7.53382631e+00
  -7.53104811e+00  -7.52673097e+00  -7.52089783e+00  -7.51357199e+00
  -7.50477711e+00  -7.49453720e+00  -7.48287658e+00  -7.46981986e+00
  -7.45539195e+00  -7.43961798e+00  -7.42252335e+00  -7.40413365e+00
  -7.38447468e+00  -7.36357240e+00  -7.34145294e+00  -7.31814255e+00
  -7.29366761e+00  -7.26805458e+00  -7.24133003e+00  -7.21352055e+00
  -7.18465280e+00  -7.15475345e+00  -7.12384920e+00  -7.09196670e+00
  -7.05913260e+00  -7.02537351e+00  -6.99071597e+00  -6.95518644e+00
  -6.91881131e+00  -6.88161684e+00  -6.84362919e+00  -6.80487438e+00
  -6.76537827e+00  -6.72516658e+00  -6.68426484e+00  -6.64269840e+00
  -6.60049242e+00  -6.55767183e+00  -6.51426136e+00  -6.47028549e+00
  -6.42576846e+00  -6.38073428e+00  -6.33520667e+00  -6.28920910e+00
  -6.24276472e+00  -6.19589645e+00  -6.14862686e+00  -6.10097826e+00
  -6.05297260e+00  -6.00463156e+00  -5.95597645e+00  -5.90702829e+00
  -5.85780773e+00  -5.80833510e+00  -5.75863036e+00  -5.70871314e+00
  -5.65860270e+00  -5.60831794e+00  -5.55787740e+00  -5.50729924e+00
  -5.45660127e+00  -5.40580090e+00  -5.35491518e+00  -5.30396077e+00
  -5.25295397e+00  -5.20191067e+00  -5.15084638e+00  -5.09977625e+00
  -5.04871500e+00  -4.99767699e+00  -4.94667619e+00  -4.89572617e+00
  -4.84484012e+00  -4.79403082e+00  -4.74331068e+00  -4.69269172e+00
  -4.64218554e+00  -4.59180338e+00  -4.54155607e+00  -4.49145406e+00
  -4.44150741e+00  -4.39172579e+00  -4.34211846e+00  -4.29269432e+00
  -4.24346185e+00  -4.19442916e+00  -4.14560398e+00  -4.09699361e+00
  -4.04860500e+00  -4.00044469e+00  -3.95251882e+00  -3.90483315e+00
  -3.85739304e+00  -3.81020345e+00  -3.76326895e+00  -3.71659368e+00
  -3.67018141e+00  -3.62403547e+00  -3.57815879e+00  -3.53255388e+00
  -3.48722282e+00  -3.44216723e+00  -3.39738833e+00  -3.35288685e+00
  -3.30866306e+00  -3.26471677e+00  -3.22104726e+00  -3.17765332e+00
  -3.13453320e+00  -3.09168458e+00  -3.04910457e+00  -3.00678965e+00
  -2.96473566e+00  -2.92293773e+00  -2.88139027e+00  -2.84008686e+00
  -2.79902024e+00  -2.75818222e+00  -2.71756358e+00  -2.67715395e+00
  -2.63694176e+00  -2.59691401e+00  -2.55705617e+00  -2.51735193e+00
  -2.47778300e+00  -2.43832877e+00  -2.39896598e+00  -2.35966827e+00
  -2.32040560e+00  -2.28114360e+00  -2.24184265e+00  -2.20245672e+00
  -2.16293192e+00  -2.12320443e+00  -2.08319780e+00  -2.04281912e+00
  -2.00195336e+00  -1.96045483e+00  -1.91813191e+00  -1.87471389e+00
  -1.82975681e+00  -1.78233385e+00  -1.73003322e+00  -1.66622666e+00
  -1.57547175e+00  -1.43629106e+00  -1.25053740e+00  -1.06632881e+00
  -9.34355012e-01  -8.60579916e-01  -8.22900713e-01  -8.01538891e-01
  -7.86665083e-01  -7.74500236e-01  -7.63716754e-01  -7.53827475e-01
  -7.44618439e-01  -7.35969202e-01  -7.27797484e-01  -7.20040945e-01
  -7.12649989e-01  -7.05584127e-01  -6.98809739e-01  -6.92298548e-01
  -6.86026501e-01  -6.79972953e-01  -6.74120029e-01  -6.68452139e-01
  -6.62955598e-01  -6.57618315e-01  -6.52429552e-01  -6.47379724e-01
  -6.42460237e-01  -6.37663350e-01  -6.32982066e-01  -6.28410036e-01
  -6.23941479e-01  -6.19571116e-01  -6.15294112e-01  -6.11106023e-01
  -6.07002761e-01  -6.02980549e-01  -5.99035894e-01  -5.95165555e-01
  -5.91366523e-01  -5.87635994e-01  -5.83971355e-01  -5.80370163e-01
  -5.76830132e-01  -5.73349120e-01  -5.69925113e-01  -5.66556221e-01
  -5.63240662e-01  -5.59976758e-01  -5.56762922e-01  -5.53597658e-01
  -5.50479547e-01  -5.47407246e-01  -5.44379483e-01  -5.41395047e-01
  -5.38452791e-01  -5.35551621e-01  -5.32690497e-01  -5.29868427e-01
  -5.27084465e-01  -5.24337709e-01  -5.21627297e-01  -5.18952403e-01
  -5.16312239e-01  -5.13706048e-01  -5.11133108e-01  -5.08592722e-01
  -5.06084226e-01  -5.03606979e-01  -5.01160367e-01  -4.98743797e-01
  -4.96356703e-01  -4.93998535e-01  -4.91668768e-01  -4.89366892e-01
  -4.87092417e-01  -4.84844872e-01  -4.82623799e-01  -4.80428758e-01
  -4.78259322e-01  -4.76115080e-01  -4.73995633e-01  -4.71900597e-01
  -4.69829596e-01  -4.67782271e-01  -4.65758271e-01  -4.63757255e-01
  -4.61778894e-01  -4.59822869e-01  -4.57888868e-01  -4.55976591e-01
  -4.54085745e-01  -4.52216044e-01  -4.50367211e-01  -4.48538978e-01
  -4.46731082e-01  -4.44943267e-01  -4.43175285e-01  -4.41426895e-01
  -4.39697859e-01  -4.37987947e-01  -4.36296936e-01  -4.34624605e-01
  -4.32970742e-01  -4.31335137e-01  -4.29717586e-01  -4.28117890e-01
  -4.26535854e-01  -4.24971288e-01  -4.23424006e-01  -4.21893825e-01
  -4.20380567e-01  -4.18884057e-01  -4.17404125e-01  -4.15940603e-01
  -4.14493327e-01  -4.13062137e-01  -4.11646873e-01  -4.10247382e-01
  -4.08863513e-01  -4.07495116e-01  -4.06142044e-01  -4.04804156e-01
  -4.03481310e-01  -4.02173367e-01  -4.00880192e-01  -3.99601650e-01
  -3.98337612e-01  -3.97087947e-01  -3.95852529e-01  -3.94631233e-01
  -3.93423936e-01  -3.92230517e-01  -3.91050856e-01  -3.89884838e-01
  -3.88732346e-01  -3.87593268e-01  -3.86467490e-01  -3.85354903e-01
  -3.84255398e-01  -3.83168868e-01  -3.82095208e-01  -3.81034313e-01
  -3.79986081e-01  -3.78950410e-01  -3.77927202e-01  -3.76916357e-01
  -3.75917778e-01  -3.74931370e-01  -3.73957038e-01  -3.72994689e-01
  -3.72044231e-01  -3.71105572e-01  -3.70178623e-01  -3.69263295e-01
  -3.68359502e-01  -3.67467156e-01  -3.66586173e-01  -3.65716467e-01
  -3.64857957e-01  -3.64010559e-01  -3.63174193e-01  -3.62348779e-01
  -3.61534236e-01  -3.60730488e-01  -3.59937457e-01  -3.59155066e-01
  -3.58383241e-01  -3.57621906e-01  -3.56870988e-01  -3.56130415e-01
  -3.55400115e-01  -3.54680016e-01  -3.53970049e-01  -3.53270145e-01
  -3.52580235e-01  -3.51900252e-01  -3.51230129e-01  -3.50569801e-01
  -3.49919201e-01  -3.49278267e-01  -3.48646935e-01  -3.48025142e-01
  -3.47412826e-01  -3.46809927e-01  -3.46216384e-01  -3.45632138e-01
  -3.45057131e-01  -3.44491304e-01  -3.43934600e-01  -3.43386964e-01
  -3.42848340e-01  -3.42318673e-01  -3.41797909e-01  -3.41285995e-01
  -3.40782879e-01  -3.40288509e-01  -3.39802834e-01  -3.39325804e-01
  -3.38857370e-01  -3.38397483e-01  -3.37946095e-01  -3.37503160e-01
  -3.37068631e-01  -3.36642462e-01  -3.36224609e-01  -3.35815028e-01
  -3.35413676e-01  -3.35020509e-01  -3.34635487e-01  -3.34258568e-01
  -3.33889713e-01  -3.33528881e-01  -3.33176034e-01  -3.32831135e-01
  -3.32494145e-01  -3.32165030e-01  -3.31843752e-01  -3.31530278e-01
  -3.31224573e-01  -3.30926605e-01  -3.30636339e-01  -3.30353746e-01
  -3.30078793e-01  -3.29811451e-01  -3.29551690e-01  -3.29299481e-01
  -3.29054798e-01  -3.28817612e-01  -3.28587897e-01  -3.28365628e-01
  -3.28150780e-01  -3.27943330e-01  -3.27743254e-01  -3.27550529e-01
  -3.27365134e-01  -3.27187049e-01  -3.27016253e-01  -3.26852728e-01
  -3.26696454e-01  -3.26547414e-01  -3.26405591e-01  -3.26270970e-01
  -3.26143535e-01  -3.26023272e-01  -3.25910166e-01  -3.25804206e-01
  -3.25705379e-01  -3.25613674e-01  -3.25529080e-01  -3.25451588e-01
  -3.25381190e-01  -3.25317877e-01  -3.25261691e-01  -3.25219200e-01
  -3.26068976e-01  -4.08845277e-01   2.42705667e+01   2.45159445e+01]
[  0.18265015   0.36528371   0.36535948   0.36546488   0.36561244
   0.36580217   0.36603408   0.36630817   0.36662445   0.36698292
   0.36738359   0.36782648   0.3683116    0.36883894   0.36940854
   0.37002039   0.37067452   0.37137095   0.37210968   0.37289073
   0.37371413   0.37457989   0.37548804   0.37643859   0.37743157
   0.37846699   0.3795449    0.3806653    0.38182823   0.38303371
   0.38428178   0.38557245   0.38690577   0.38828175   0.38970045
   0.39116188   0.39266607   0.39421308   0.39580293   0.39743565
   0.39911129   0.40082988   0.40259146   0.40439608   0.40624377
   0.40813458   0.41006855   0.41204572   0.41406614   0.41612985
   0.4182369    0.42038733   0.4225812    0.42481856   0.42709945
   0.42942392   0.43179203   0.43420383   0.43665937   0.4391587
   0.44170189   0.44428898   0.44692003   0.4495951    0.45231425
   0.45507754   0.45788502   0.46073675   0.46363281   0.46657324
   0.46955811   0.47258749   0.47566144   0.47878002   0.4819433
   0.48515135   0.48840422   0.491702     0.49504475   0.49843254
   0.50186543   0.5053435    0.50886682   0.51243546   0.5160495    0.519709
   0.52341405   0.52716471   0.53096106   0.53480318   0.53869115
   0.54262503   0.54660491   0.55063087   0.55470299   0.55882134
   0.56298601   0.56719708   0.57145463   0.57575874   0.58010949
   0.58450697   0.58895127   0.59344246   0.59798063   0.60256588
   0.60719827   0.61187791   0.61660488   0.62137927   0.62620117
   0.63107066   0.63598784   0.6409528    0.64596563   0.65102642
   0.65613527   0.66129226   0.66649749   0.67175106   0.67705307
   0.6824036    0.68780275   0.69325062   0.69874732   0.70429293
   0.70988755   0.71553129   0.72122425   0.72696653   0.73275822
   0.73859943   0.74449027   0.75043084   0.75642124   0.76246158
   0.76855196   0.77469249   0.78088328   0.78712444   0.79341607
   0.79975829   0.80615121   0.81259493   0.81908958   0.82563525
   0.83223208   0.83888017   0.84557964   0.8523306    0.85913318
   0.86598748   0.87289365   0.87985178   0.88686201   0.89392446
   0.90103925   0.9082065    0.91542635   0.92269892   0.93002434
   0.93740274   0.94483424   0.95231899   0.95985712   0.96744875
   0.97509403   0.9827931    0.99054608   0.99835314   1.00621439   1.01413
   1.02210009   1.03012483   1.03820436   1.04633882   1.05452838
   1.06277317   1.07107336   1.07942911   1.08784057   1.0963079
   1.10483127   1.11341085   1.12204678   1.13073926   1.13948844
   1.14829451   1.15715763   1.16607799   1.17505576   1.18409113
   1.19318429   1.20233542   1.21154472   1.22081238   1.23013859
   1.23952357   1.24896751   1.25847063   1.26803313   1.27765523
   1.28733715   1.29707911   1.30688135   1.31674409   1.32666758
   1.33665206   1.34669777   1.35680498   1.36697395   1.37720495
   1.38749825   1.39785414   1.40827292   1.41875488   1.42930034
   1.43990963   1.45058307   1.46132103   1.47212386   1.48299194
   1.49392568   1.50492548   1.51599177   1.52712503   1.53832573
   1.54959438   1.56093152   1.57233773   1.58381363   1.59535987
   1.60697715   1.61866624   1.63042796   1.64226319   1.6541729
   1.66615814   1.67822008   1.69035999   1.70257928   1.71487953
   1.72726248   1.73973011   1.75228467   1.76492869   1.77766513
   1.79049741   1.80342955   1.81646639   1.82961383   1.84287948
   1.85627401   1.86981604   1.88354961   1.89760752   1.91241811
   1.92925515   1.9510034    1.97952161   1.99978255   1.98554947
   1.97550323   2.00456056   2.04424314   2.07843417   2.10862873
   2.13766244   2.16674374   2.19623537   2.22622506   2.25672737
   2.28773928   2.31925388   2.35126357   2.38376093   2.41673892
   2.45019097   2.48411096   2.51849314   2.55333216   2.58862293
   2.62436067   2.66054079   2.69715887   2.73421066   2.771692
   2.80959881   2.84792706   2.88667276   2.92583192   2.96540052
   3.00537452   3.04574984   3.08652231   3.12768768   3.16924162
   3.21117967   3.25349727   3.29618971   3.33925213   3.38267954
   3.42646675   3.47060843   3.51509904   3.55993285   3.60510395
   3.65060619   3.69643321   3.74257845   3.78903509   3.83579607
   3.8828541    3.93020162   3.97783083   4.02573364   4.0739017
   4.12232639   4.1709988    4.21990971   4.26904964   4.3184088
   4.36797708   4.41774408   4.46769907   4.51783102   4.56812857
   4.61858003   4.66917339   4.7198963    4.77073609   4.82167973
   4.87271386   4.92382479   4.97499845   5.02622046   5.07747608
   5.1287502    5.18002738   5.23129182   5.28252737   5.33371753
   5.38484544   5.43589389   5.48684532   5.53768182   5.58838512
   5.63893663   5.68931738   5.73950809   5.78948911   5.83924047
   5.88874187   5.93797266   5.98691189   6.03553828   6.08383022
   6.13176581   6.17932283   6.22647878   6.27321085   6.31949596
   6.36531074   6.41063156   6.45543453   6.49969551   6.54339011
   6.5864937    6.62898146   6.67082832   6.71200902   6.75249813
   6.79227001   6.83129888   6.8695588    6.90702367   6.94366729
   6.97946333   7.01438537   7.0484069    7.08150135   7.11364208
   7.14480242   7.1749557    7.2040752    7.23213426   7.25910621
   7.28496445   7.30968243   7.33323371   7.35559192   7.37673082
   7.39662432   7.41524649   7.43257157   7.44857399   7.46322841
   7.47650975   7.48839315   7.49885406   7.50786821   7.51541169
   7.52146088   7.52599257   7.52898391   7.53041247   7.53025626
   7.52849371   7.52510374   7.52006577   7.51335973   7.50496607
   7.49486581   7.48304056   7.46947251   7.45414447   7.43703991
   7.41814294   7.39743835   7.37491165   7.35054905   7.32433751
   7.29626476   7.26631927   7.23449034   7.20076807   7.16514339
   7.12760807   7.08815475   7.04677697   7.00346911   6.95822652
   6.91104544   6.86192304   6.81085746   6.7578478    6.70289413
   6.6459975    6.58715996   6.52638456   6.46367538   6.39903751
   6.33247706   6.2640012    6.19361813   6.12133708   6.04716837
   5.97112333   5.89321438   5.81345499   5.73185968   5.64844404
   5.56322471   5.47621939   5.38744682   5.29692682   5.20468021
   5.11072888   5.01509574   4.91780471   4.81888073   4.71834974
   4.61623864   4.51257531   4.4073886    4.30070822   4.19256481
   4.08298985   3.97201559   3.859675     3.74600166   3.63102959
   3.514793     3.39732591   3.27866147   3.1588308    3.03786079
   2.91576964   2.79255644   2.66816732   2.54230557   2.4130732
   2.2699435    2.09184158   1.97434887   1.99567202   1.84492049
   1.66903544   1.52766223   1.3947983    1.26289744   1.13088521
   0.9986024    0.86602586   0.7331713    0.60007106   0.46676539
   0.3332983    0.19971541   0.06606289  -0.06761302  -0.20126607  -0.33485
  -0.46831867  -0.60162647  -0.73472942  -0.86758732  -1.000168
  -1.13245604  -1.2644754   -1.39638881  -1.52929817  -1.67091637
  -1.8473556   -1.99625647  -1.97449795  -2.09419312  -2.27199374
  -2.41484125  -2.5440331   -2.66990824  -2.79432078  -2.91756086
  -3.03968114  -3.16068219  -3.28054563  -3.39924449  -3.51674763
  -3.63302186  -3.74803318  -3.86174738  -3.97413044  -4.0851488
  -4.1947695   -4.30296031  -4.40968977  -4.51492727  -4.61864309
  -4.72080843  -4.82139543  -4.92037721  -5.01772785  -5.11342244
  -5.20743708  -5.2997489   -5.39033603  -5.47917768  -5.56625406
  -5.65154647  -5.73503722  -5.81670971  -5.89654839  -5.97453876
  -6.0506674   -6.12492191  -6.197291    -6.2677644   -6.33633289
  -6.40298832  -6.46772357  -6.53053255  -6.59141021  -6.65035252
  -6.70735647  -6.76242005  -6.81554225  -6.86672303  -6.91596335
  -6.96326512  -7.00863121  -7.0520654   -7.09357242  -7.13315791
  -7.17082839  -7.20659128  -7.24045484  -7.27242819  -7.30252129
  -7.33074489  -7.35711055  -7.38163061  -7.40431817  -7.42518705
  -7.44425182  -7.46152772  -7.4770307   -7.49077735  -7.50278492
  -7.51307126  -7.52165483  -7.52855466  -7.53379036  -7.53738206
  -7.5393504   -7.53971652  -7.53850203  -7.535729    -7.53141992
  -7.5255977   -7.51828561  -7.50950731  -7.49928681  -7.48764842
  -7.47461676  -7.46021673  -7.44447351  -7.42741249  -7.40905929
  -7.38943975  -7.36857985  -7.34650576  -7.32324379  -7.29882035
  -7.27326197  -7.24659525  -7.21884688  -7.19004356  -7.16021204
  -7.1293791   -7.09757147  -7.06481591  -7.0311391   -6.99656768
  -6.96112824  -6.92484727  -6.88775114  -6.84986615  -6.81121844
  -6.77183402  -6.73173875  -6.69095831  -6.64951823  -6.60744382
  -6.5647602   -6.52149227  -6.47766473  -6.43330202  -6.38842835
  -6.34306768  -6.2972437   -6.25097983  -6.20429923  -6.15722475
  -6.10977898  -6.06198417  -6.01386231  -5.96543504  -5.9167237
  -5.86774933  -5.8185326   -5.76909388  -5.7194532   -5.66963025
  -5.61964438  -5.56951459  -5.51925954  -5.46889755  -5.41844656
  -5.36792419  -5.31734769  -5.26673397  -5.21609956  -5.16546067
  -5.11483313  -5.06423242  -5.01367367  -4.96317167  -4.91274083
  -4.86239525  -4.81214865  -4.76201441  -4.71200559  -4.66213487
  -4.61241463  -4.56285689  -4.51347335  -4.46427538  -4.41527403
  -4.36648001  -4.31790374  -4.26955531  -4.22144451  -4.17358082
  -4.12597342  -4.0786312   -4.03156277  -3.98477644  -3.93828026
  -3.89208199  -3.84618914  -3.80060894  -3.75534839  -3.71041423
  -3.66581294  -3.62155081  -3.57763386  -3.5340679   -3.49085855
  -3.44801119  -3.40553103  -3.36342307  -3.32169215  -3.2803429
  -3.23937983  -3.19880726  -3.15862938  -3.11885025  -3.0794738
  -3.04050383  -3.00194405  -2.9637981   -2.9260695   -2.88876175
  -2.85187826  -2.81542244  -2.77939767  -2.74380733  -2.70865482
  -2.6739436   -2.63967717  -2.60585916  -2.57249328  -2.53958343
  -2.50713368  -2.47514834  -2.44363198  -2.41258952  -2.3820262
  -2.35194774  -2.3223603   -2.29327054  -2.26468565  -2.2366132
  -2.20906063  -2.18203327  -2.15552622  -2.12949163  -2.10372086
  -2.07749439  -2.04891958  -2.01549381  -1.98285734  -1.97641081
  -1.99644291  -1.99481898  -1.97209196  -1.95128012  -1.93625174
  -1.92431481  -1.9136213   -1.90342576  -1.89347383  -1.88368197
  -1.87402005  -1.86447432  -1.8550364   -1.84570014  -1.83646059
  -1.82731363  -1.81825572  -1.80928383  -1.80039526  -1.79158768
  -1.78285897  -1.77420726  -1.76563084  -1.75712818  -1.74869788
  -1.74033866  -1.73204932  -1.72382878  -1.71567603  -1.70759012
  -1.69957017  -1.69161536  -1.68372492  -1.67589811  -1.66813424
  -1.66043266  -1.65279274  -1.64521389  -1.63769554  -1.63023715
  -1.62283819  -1.61549816  -1.60821658  -1.60099299  -1.59382693
  -1.58671796  -1.57966566  -1.57266961  -1.56572942  -1.5588447
  -1.55201506  -1.54524012  -1.53851954  -1.53185294  -1.52523998
  -1.51868032  -1.51217361  -1.50571954  -1.49931777  -1.49296799
  -1.48666988  -1.48042313  -1.47422744  -1.4680825   -1.46198802
  -1.45594371  -1.44994927  -1.44400442  -1.43810887  -1.43226235
  -1.42646458  -1.42071529  -1.4150142   -1.40936105  -1.40375557
  -1.3981975   -1.39268657  -1.38722254  -1.38180514  -1.37643411
  -1.37110921  -1.36583019  -1.3605968   -1.35540879  -1.35026591
  -1.34516793  -1.34011461  -1.33510569  -1.33014096  -1.32522016
  -1.32034307  -1.31550945  -1.31071908  -1.30597171  -1.30126712
  -1.29660509  -1.29198538  -1.28740778  -1.28287205  -1.27837797
  -1.27392533  -1.2695139   -1.26514347  -1.2608138   -1.2565247
  -1.25227593  -1.24806729  -1.24389856  -1.23976953  -1.23567999
  -1.23162971  -1.2276185   -1.22364615  -1.21971244  -1.21581717
  -1.21196013  -1.20814111  -1.20435992  -1.20061633  -1.19691016
  -1.1932412   -1.18960924  -1.1860141   -1.18245555  -1.17893341
  -1.17544748  -1.17199756  -1.16858345  -1.16520496  -1.16186189
  -1.15855404  -1.15528122  -1.15204325  -1.14883991  -1.14567104
  -1.14253642  -1.13943588  -1.13636923  -1.13333627  -1.13033682
  -1.12737068  -1.12443769  -1.12153764  -1.11867036  -1.11583566
  -1.11303336  -1.11026328  -1.10752523  -1.10481904  -1.10214452
  -1.09950151  -1.09688981  -1.09430926  -1.09175967  -1.08924088
  -1.08675271  -1.08429499  -1.08186754  -1.07947019  -1.07710278
  -1.07476513  -1.07245708  -1.07017845  -1.06792909  -1.06570883
  -1.0635175   -1.06135495  -1.059221    -1.05711551  -1.0550383
  -1.05298922  -1.05096812  -1.04897484  -1.04700922  -1.04507112
  -1.04316036  -1.04127682  -1.03942033  -1.03759075  -1.03578792
  -1.03401172  -1.03226198  -1.03053856  -1.02884133  -1.02717014
  -1.02552485  -1.02390533  -1.02231143  -1.02074303  -1.01919999
  -1.01768217  -1.01618945  -1.01472169  -1.01327877  -1.01186057
  -1.01046695  -1.00909779  -1.00775297  -1.00643238  -1.00513588
  -1.00386338  -1.00261474  -1.00138986  -1.00018862  -0.99901092
  -0.99785664  -0.99672567  -0.99561792  -0.99453328  -0.99347165
  -0.99243292  -0.991417    -0.99042379  -0.9894532   -0.98850513
  -0.98757949  -0.9866762   -0.98579516  -0.9849363   -0.98409951
  -0.98328474  -0.98249188  -0.98172088  -0.98097164  -0.9802441
  -0.97953818  -0.97885381  -0.97819093  -0.97754947  -0.97692936
  -0.97633054  -0.97575295  -0.97519653  -0.97466123  -0.97414699
  -0.97365376  -0.97318149  -0.97273012  -0.97229962  -0.97188994
  -0.97150104  -0.97113288  -0.97078541  -0.97045861  -0.97015244
  -0.96986686  -0.96960186  -0.96935739  -0.96913344  -0.96892998
  -0.968747    -0.96858461  -0.96846179  -0.97091746  -1.20431006
  24.27070658  24.51608022]