[  2.61432009e-02   5.22870796e-02   5.22889506e-02   5.22919334e-02
   5.22961092e-02   5.23014779e-02   5.23080396e-02   5.23157941e-02
   5.23247413e-02   5.23348812e-02   5.23462134e-02   5.23587380e-02
   5.23724547e-02   5.23873634e-02   5.24034638e-02   5.24207558e-02
   5.24392390e-02   5.24589132e-02   5.24797782e-02   5.25018337e-02
   5.25250794e-02   5.25495150e-02   5.25751400e-02   5.26019543e-02
   5.26299574e-02   5.26591488e-02   5.26895284e-02   5.27210955e-02
   5.27538498e-02   5.27877909e-02   5.28229183e-02   5.28592314e-02
   5.28967298e-02   5.29354130e-02   5.29752805e-02   5.30163317e-02
   5.30585660e-02   5.31019829e-02   5.31465818e-02   5.31923620e-02
   5.32393230e-02   5.32874640e-02   5.33367845e-02   5.33872837e-02
   5.34389611e-02   5.34918157e-02   5.35458470e-02   5.36010542e-02
   5.36574365e-02   5.37149932e-02   5.37737234e-02   5.38336264e-02
   5.38947014e-02   5.39569474e-02   5.40203637e-02   5.40849493e-02
   5.41507034e-02   5.42176251e-02   5.42857135e-02   5.43549675e-02
   5.44253863e-02   5.44969689e-02   5.45697143e-02   5.46436216e-02
   5.47186895e-02   5.47949173e-02   5.48723037e-02   5.49508477e-02
   5.50305483e-02   5.51114043e-02   5.51934146e-02   5.52765781e-02
   5.53608937e-02   5.54463601e-02   5.55329761e-02   5.56207407e-02
   5.57096525e-02   5.57997103e-02   5.58909129e-02   5.59832590e-02
   5.60767474e-02   5.61713767e-02   5.62671456e-02   5.63640527e-02
   5.64620968e-02   5.65612765e-02   5.66615904e-02   5.67630370e-02
   5.68656150e-02   5.69693230e-02   5.70741594e-02   5.71801229e-02
   5.72872119e-02   5.73954250e-02   5.75047607e-02   5.76152173e-02
   5.77267934e-02   5.78394874e-02   5.79532977e-02   5.80682228e-02
   5.81842610e-02   5.83014106e-02   5.84196701e-02   5.85390378e-02
   5.86595119e-02   5.87810909e-02   5.89037730e-02   5.90275564e-02
   5.91524395e-02   5.92784204e-02   5.94054974e-02   5.95336687e-02
   5.96629325e-02   5.97932869e-02   5.99247301e-02   6.00572603e-02
   6.01908756e-02   6.03255740e-02   6.04613537e-02   6.05982128e-02
   6.07361492e-02   6.08751612e-02   6.10152465e-02   6.11564034e-02
   6.12986297e-02   6.14419234e-02   6.15862826e-02   6.17317051e-02
   6.18781889e-02   6.20257318e-02   6.21743319e-02   6.23239868e-02
   6.24746946e-02   6.26264531e-02   6.27792600e-02   6.29331132e-02
   6.30880105e-02   6.32439496e-02   6.34009284e-02   6.35589446e-02
   6.37179958e-02   6.38780798e-02   6.40391944e-02   6.42013371e-02
   6.43645057e-02   6.45286978e-02   6.46939109e-02   6.48601429e-02
   6.50273911e-02   6.51956533e-02   6.53649269e-02   6.55352096e-02
   6.57064988e-02   6.58787921e-02   6.60520870e-02   6.62263809e-02
   6.64016714e-02   6.65779558e-02   6.67552316e-02   6.69334962e-02
   6.71127471e-02   6.72929816e-02   6.74741971e-02   6.76563909e-02
   6.78395603e-02   6.80237028e-02   6.82088155e-02   6.83948959e-02
   6.85819411e-02   6.87699484e-02   6.89589150e-02   6.91488382e-02
   6.93397152e-02   6.95315432e-02   6.97243194e-02   6.99180408e-02
   7.01127047e-02   7.03083082e-02   7.05048484e-02   7.07023223e-02
   7.09007271e-02   7.11000599e-02   7.13003177e-02   7.15014974e-02
   7.17035962e-02   7.19066110e-02   7.21105389e-02   7.23153767e-02
   7.25211214e-02   7.27277701e-02   7.29353195e-02   7.31437666e-02
   7.33531084e-02   7.35633416e-02   7.37744631e-02   7.39864698e-02
   7.41993585e-02   7.44131261e-02   7.46277692e-02   7.48432847e-02
   7.50596694e-02   7.52769200e-02   7.54950333e-02   7.57140059e-02
   7.59338346e-02   7.61545161e-02   7.63760470e-02   7.65984240e-02
   7.68216437e-02   7.70457028e-02   7.72705979e-02   7.74963256e-02
   7.77228824e-02   7.79502650e-02   7.81784699e-02   7.84074936e-02
   7.86373327e-02   7.88679836e-02   7.90994429e-02   7.93317070e-02
   7.95647725e-02   7.97986357e-02   8.00332930e-02   8.02687410e-02
   8.05049761e-02   8.07419945e-02   8.09797927e-02   8.12183671e-02
   8.14577140e-02   8.16978297e-02   8.19387105e-02   8.21803529e-02
   8.24227530e-02   8.26659071e-02   8.29098115e-02   8.31544625e-02
   8.33998562e-02   8.36459890e-02   8.38928569e-02   8.41404563e-02
   8.43887833e-02   8.46378340e-02   8.48876046e-02   8.51380913e-02
   8.53892901e-02   8.56411972e-02   8.58938087e-02   8.61471207e-02
   8.64011292e-02   8.66558303e-02   8.69112201e-02   8.71672945e-02
   8.74240496e-02   8.76814814e-02   8.79395860e-02   8.81983591e-02
   8.84577970e-02   8.87178954e-02   8.89786504e-02   8.92400578e-02
   8.95021136e-02   8.97648137e-02   9.00281540e-02   9.02921303e-02
   9.05567386e-02   9.08219746e-02   9.10878343e-02   9.13543134e-02
   9.16214078e-02   9.18891132e-02   9.21574255e-02   9.24263405e-02
   9.26958539e-02   9.29659615e-02   9.32366590e-02   9.35079421e-02
   9.37798067e-02   9.40522483e-02   9.43252628e-02   9.45988457e-02
   9.48729928e-02   9.51476997e-02   9.54229622e-02   9.56987757e-02
   9.59751361e-02   9.62520388e-02   9.65294795e-02   9.68074539e-02
   9.70859574e-02   9.73649857e-02   9.76445344e-02   9.79245989e-02
   9.82051750e-02   9.84862580e-02   9.87678435e-02   9.90499271e-02
   9.93325042e-02   9.96155703e-02   9.98991210e-02   1.00183152e-01
   1.00467658e-01   1.00752635e-01   1.01038078e-01   1.01323983e-01
   1.01610346e-01   1.01897161e-01   1.02184423e-01   1.02472130e-01
   1.02760275e-01   1.03048854e-01   1.03337862e-01   1.03627296e-01
   1.03917149e-01   1.04207418e-01   1.04498097e-01   1.04789182e-01
   1.05080668e-01   1.05372551e-01   1.05664825e-01   1.05957486e-01
   1.06250528e-01   1.06543948e-01   1.06837739e-01   1.07131897e-01
   1.07426417e-01   1.07721294e-01   1.08016522e-01   1.08312097e-01
   1.08608014e-01   1.08904266e-01   1.09200848e-01   1.09497756e-01
   1.09794983e-01   1.10092524e-01   1.10390372e-01   1.10688522e-01
   1.10986968e-01   1.11285703e-01   1.11584720e-01   1.11884014e-01
   1.12183577e-01   1.12483401e-01   1.12783480e-01   1.13083804e-01
   1.13384367e-01   1.13685159e-01   1.13986171e-01   1.14287393e-01
   1.14588816e-01   1.14890428e-01   1.15192218e-01   1.15494174e-01
   1.15796282e-01   1.16098529e-01   1.16400900e-01   1.16703378e-01
   1.17005946e-01   1.17308586e-01   1.17611278e-01   1.17913999e-01
   1.18216727e-01   1.18519436e-01   1.18822099e-01   1.19124686e-01
   1.19427165e-01   1.19729502e-01   1.20031659e-01   1.20333595e-01
   1.20635266e-01   1.20936624e-01   1.21237617e-01   1.21538190e-01
   1.21838280e-01   1.22137823e-01   1.22436747e-01   1.22734975e-01
   1.23032423e-01   1.23329002e-01   1.23624613e-01   1.23919152e-01
   1.24212506e-01   1.24504552e-01   1.24795159e-01   1.25084184e-01
   1.25371476e-01   1.25656870e-01   1.25940190e-01   1.26221249e-01
   1.26499842e-01   1.26775754e-01   1.27048752e-01   1.27318588e-01
   1.27584997e-01   1.27847696e-01   1.28106383e-01   1.28360736e-01
   1.28610414e-01   1.28855053e-01   1.29094267e-01   1.29327646e-01
   1.29554754e-01   1.29775133e-01   1.29988296e-01   1.30193728e-01
   1.30390887e-01   1.30579200e-01   1.30758066e-01   1.30926849e-01
   1.31084884e-01   1.31231473e-01   1.31365880e-01   1.31487340e-01
   1.31595048e-01   1.31688166e-01   1.31765819e-01   1.31827093e-01
   1.31871041e-01   1.31896674e-01   1.31902968e-01   1.31888859e-01
   1.31853248e-01   1.31794997e-01   1.31712931e-01   1.31605837e-01
   1.31472468e-01   1.31311541e-01   1.31121738e-01   1.30901709e-01
   1.30650070e-01   1.30365410e-01   1.30046286e-01   1.29691230e-01
   1.29298749e-01   1.28867327e-01   1.28395429e-01   1.27881501e-01
   1.27323976e-01   1.26721276e-01   1.26071814e-01   1.25373999e-01
   1.24626237e-01   1.23826942e-01   1.22974529e-01   1.22067429e-01
   1.21104086e-01   1.20082965e-01   1.19002555e-01   1.17861376e-01
   1.16657982e-01   1.15390965e-01   1.14058964e-01   1.12660667e-01
   1.11194815e-01   1.09660211e-01   1.08055725e-01   1.06380294e-01
   1.04632934e-01   1.02812740e-01   1.00918894e-01   9.89506698e-02
   9.69074353e-02   9.47886604e-02   9.25939195e-02   9.03228969e-02
   8.79753903e-02   8.55513148e-02   8.30507069e-02   8.04737274e-02
   7.78206649e-02   7.50919379e-02   7.22880980e-02   6.94098311e-02
   6.64579597e-02   6.34334438e-02   6.03373818e-02   5.71710110e-02
   5.39357074e-02   5.06329856e-02   4.72644974e-02   4.38320306e-02
   4.03375074e-02   3.67829815e-02   3.31706359e-02   2.95027793e-02
   2.57818423e-02   2.20103734e-02   1.81910342e-02   1.43265943e-02
   1.04199261e-02   6.47399826e-03   2.49186998e-03  -1.52331601e-03
  -5.56834032e-03  -9.63991432e-03  -1.37346877e-02  -1.78492563e-02
  -2.19801703e-02  -2.61239425e-02  -3.02770565e-02  -3.44359756e-02
  -3.85971512e-02  -4.27570312e-02  -4.69120694e-02  -5.10587331e-02
  -5.51935126e-02  -5.93129289e-02  -6.34135424e-02  -6.74919607e-02
  -7.15448469e-02  -7.55689267e-02  -7.95609962e-02  -8.35179286e-02
  -8.74366813e-02  -9.13143021e-02  -9.51479352e-02  -9.89348269e-02
  -1.02672331e-01  -1.06357913e-01  -1.09989155e-01  -1.13563761e-01
  -1.17079558e-01  -1.20534499e-01  -1.23926668e-01  -1.27254283e-01
  -1.30515693e-01  -1.33709382e-01  -1.36833973e-01  -1.39888223e-01
  -1.42871027e-01  -1.45781415e-01  -1.48618553e-01  -1.51381742e-01
  -1.54070416e-01  -1.56684138e-01  -1.59222602e-01  -1.61685628e-01
  -1.64073157e-01  -1.66385253e-01  -1.68622096e-01  -1.70783978e-01
  -1.72871300e-01  -1.74884571e-01  -1.76824396e-01  -1.78691480e-01
  -1.80486618e-01  -1.82210690e-01  -1.83864661e-01  -1.85449570e-01
  -1.86966528e-01  -1.88416714e-01  -1.89801366e-01  -1.91121780e-01
  -1.92379301e-01  -1.93575323e-01  -1.94711277e-01  -1.95788633e-01
  -1.96808890e-01  -1.97773572e-01  -1.98684228e-01  -1.99542421e-01
  -2.00349727e-01  -2.01107730e-01  -2.01818018e-01  -2.02482180e-01
  -2.03101801e-01  -2.03678458e-01  -2.04213717e-01  -2.04709134e-01
  -2.05166243e-01  -2.05586564e-01  -2.05971590e-01  -2.06322794e-01
  -2.06641619e-01  -2.06929483e-01  -2.07187772e-01  -2.07417840e-01
  -2.07621008e-01  -2.07798565e-01  -2.07951763e-01  -2.08081816e-01
  -2.08189906e-01  -2.08277174e-01  -2.08344724e-01  -2.08393623e-01
  -2.08424900e-01  -2.08439547e-01  -2.08438515e-01  -2.08422721e-01
  -2.08393043e-01  -2.08350323e-01  -2.08295367e-01  -2.08228945e-01
  -2.08151793e-01  -2.08064611e-01  -2.07968067e-01  -2.07862797e-01
  -2.07749405e-01  -2.07628464e-01  -2.07500517e-01  -2.07366079e-01
  -2.07225637e-01  -2.07079651e-01  -2.06928555e-01  -2.06772759e-01
  -2.06612648e-01  -2.06448585e-01  -2.06280912e-01  -2.06109948e-01
  -2.05935994e-01  -2.05759332e-01  -2.05580224e-01  -2.05398918e-01
  -2.05215642e-01  -2.05030613e-01  -2.04844029e-01  -2.04656078e-01
  -2.04466932e-01  -2.04276754e-01  -2.04085692e-01  -2.03893885e-01
  -2.03701462e-01  -2.03508543e-01  -2.03315236e-01  -2.03121645e-01
  -2.02927862e-01  -2.02733975e-01  -2.02540064e-01  -2.02346201e-01
  -2.02152455e-01  -2.01958887e-01  -2.01765555e-01  -2.01572511e-01
  -2.01379803e-01  -2.01187475e-01  -2.00995566e-01  -2.00804114e-01
  -2.00613152e-01  -2.00422710e-01  -2.00232816e-01  -2.00043496e-01
  -1.99854772e-01  -1.99666665e-01  -1.99479195e-01  -1.99292379e-01
  -1.99106232e-01  -1.98920768e-01  -1.98736000e-01  -1.98551940e-01
  -1.98368597e-01  -1.98185982e-01  -1.98004103e-01  -1.97822967e-01
  -1.97642581e-01  -1.97462951e-01  -1.97284082e-01  -1.97105980e-01
  -1.96928649e-01  -1.96752093e-01  -1.96576314e-01  -1.96401317e-01
  -1.96227103e-01  -1.96053675e-01  -1.95881035e-01  -1.95709185e-01
  -1.95538127e-01  -1.95367861e-01  -1.95198389e-01  -1.95029712e-01
  -1.94861830e-01  -1.94694745e-01  -1.94528456e-01  -1.94362964e-01
  -1.94198269e-01  -1.94034372e-01  -1.93871272e-01  -1.93708970e-01
  -1.93547465e-01  -1.93386757e-01  -1.93226846e-01  -1.93067732e-01
  -1.92909414e-01  -1.92751893e-01  -1.92595166e-01  -1.92439234e-01
  -1.92284097e-01  -1.92129753e-01  -1.91976203e-01  -1.91823445e-01
  -1.91671479e-01  -1.91520303e-01  -1.91369918e-01  -1.91220323e-01
  -1.91071516e-01  -1.90923496e-01  -1.90776264e-01  -1.90629817e-01
  -1.90484156e-01  -1.90339278e-01  -1.90195184e-01  -1.90051871e-01
  -1.89909339e-01  -1.89767588e-01  -1.89626615e-01  -1.89486419e-01
  -1.89347000e-01  -1.89208357e-01  -1.89070488e-01  -1.88933391e-01
  -1.88797067e-01  -1.88661513e-01  -1.88526728e-01  -1.88392711e-01
  -1.88259460e-01  -1.88126975e-01  -1.87995254e-01  -1.87864295e-01
  -1.87734098e-01  -1.87604660e-01  -1.87475980e-01  -1.87348057e-01
  -1.87220890e-01  -1.87094476e-01  -1.86968815e-01  -1.86843904e-01
  -1.86719743e-01  -1.86596329e-01  -1.86473661e-01  -1.86351738e-01
  -1.86230557e-01  -1.86110118e-01  -1.85990418e-01  -1.85871456e-01
  -1.85753229e-01  -1.85635738e-01  -1.85518978e-01  -1.85402950e-01
  -1.85287651e-01  -1.85173078e-01  -1.85059232e-01  -1.84946109e-01
  -1.84833707e-01  -1.84722026e-01  -1.84611062e-01  -1.84500815e-01
  -1.84391282e-01  -1.84282461e-01  -1.84174351e-01  -1.84066948e-01
  -1.83960253e-01  -1.83854261e-01  -1.83748972e-01  -1.83644384e-01
  -1.83540493e-01  -1.83437299e-01  -1.83334799e-01  -1.83232992e-01
  -1.83131874e-01  -1.83031444e-01  -1.82931700e-01  -1.82832640e-01
  -1.82734261e-01  -1.82636561e-01  -1.82539539e-01  -1.82443192e-01
  -1.82347517e-01  -1.82252513e-01  -1.82158177e-01  -1.82064507e-01
  -1.81971501e-01  -1.81879157e-01  -1.81787472e-01  -1.81696444e-01
  -1.81606070e-01  -1.81516349e-01  -1.81427278e-01  -1.81338855e-01
  -1.81251077e-01  -1.81163942e-01  -1.81077448e-01  -1.80991592e-01
  -1.80906372e-01  -1.80821785e-01  -1.80737829e-01  -1.80654503e-01
  -1.80571802e-01  -1.80489725e-01  -1.80408270e-01  -1.80327433e-01
  -1.80247213e-01  -1.80167607e-01  -1.80088612e-01  -1.80010227e-01
  -1.79932448e-01  -1.79855273e-01  -1.79778699e-01  -1.79702725e-01
  -1.79627347e-01  -1.79552563e-01  -1.79478371e-01  -1.79404767e-01
  -1.79331750e-01  -1.79259317e-01  -1.79187465e-01  -1.79116191e-01
  -1.79045494e-01  -1.78975370e-01  -1.78905818e-01  -1.78836834e-01
  -1.78768415e-01  -1.78700560e-01  -1.78633266e-01  -1.78566529e-01
  -1.78500348e-01  -1.78434720e-01  -1.78369642e-01  -1.78305112e-01
  -1.78241126e-01  -1.78177683e-01  -1.78114780e-01  -1.78052414e-01
  -1.77990583e-01  -1.77929283e-01  -1.77868513e-01  -1.77808269e-01
  -1.77748550e-01  -1.77689351e-01  -1.77630672e-01  -1.77572509e-01
  -1.77514859e-01  -1.77457720e-01  -1.77401089e-01  -1.77344964e-01
  -1.77289342e-01  -1.77234220e-01  -1.77179596e-01  -1.77125467e-01
  -1.77071830e-01  -1.77018683e-01  -1.76966024e-01  -1.76913849e-01
  -1.76862156e-01  -1.76810942e-01  -1.76760205e-01  -1.76709942e-01
  -1.76660151e-01  -1.76610828e-01  -1.76561972e-01  -1.76513580e-01
  -1.76465648e-01  -1.76418175e-01  -1.76371158e-01  -1.76324595e-01
  -1.76278482e-01  -1.76232817e-01  -1.76187598e-01  -1.76142821e-01
  -1.76098486e-01  -1.76054588e-01  -1.76011125e-01  -1.75968096e-01
  -1.75925496e-01  -1.75883325e-01  -1.75841578e-01  -1.75800255e-01
  -1.75759351e-01  -1.75718865e-01  -1.75678795e-01  -1.75639137e-01
  -1.75599889e-01  -1.75561049e-01  -1.75522614e-01  -1.75484582e-01
  -1.75446950e-01  -1.75409717e-01  -1.75372878e-01  -1.75336433e-01
  -1.75300379e-01  -1.75264712e-01  -1.75229432e-01  -1.75194535e-01
  -1.75160019e-01  -1.75125881e-01  -1.75092120e-01  -1.75058733e-01
  -1.75025718e-01  -1.74993072e-01  -1.74960793e-01  -1.74928879e-01
  -1.74897327e-01  -1.74866135e-01  -1.74835301e-01  -1.74804822e-01
  -1.74774697e-01  -1.74744923e-01  -1.74715498e-01  -1.74686420e-01
  -1.74657686e-01  -1.74629295e-01  -1.74601243e-01  -1.74573530e-01
  -1.74546152e-01  -1.74519108e-01  -1.74492395e-01  -1.74466012e-01
  -1.74439957e-01  -1.74414226e-01  -1.74388819e-01  -1.74363733e-01
  -1.74338966e-01  -1.74314516e-01  -1.74290382e-01  -1.74266560e-01
  -1.74243050e-01  -1.74219849e-01  -1.74196955e-01  -1.74174366e-01
  -1.74152081e-01  -1.74130097e-01  -1.74108413e-01  -1.74087027e-01
  -1.74065937e-01  -1.74045140e-01  -1.74024636e-01  -1.74004422e-01
  -1.73984498e-01  -1.73964859e-01  -1.73945507e-01  -1.73926437e-01
  -1.73907649e-01  -1.73889142e-01  -1.73870912e-01  -1.73852960e-01
  -1.73835282e-01  -1.73817878e-01  -1.73800745e-01  -1.73783883e-01
  -1.73767290e-01  -1.73750963e-01  -1.73734902e-01  -1.73719105e-01
  -1.73703571e-01  -1.73688298e-01  -1.73673284e-01  -1.73658529e-01
  -1.73644030e-01  -1.73629787e-01  -1.73615798e-01  -1.73602061e-01
  -1.73588576e-01  -1.73575340e-01  -1.73562354e-01  -1.73549614e-01
  -1.73537121e-01  -1.73524873e-01  -1.73512868e-01  -1.73501106e-01
  -1.73489585e-01  -1.73478304e-01  -1.73467262e-01  -1.73456458e-01
  -1.73445891e-01  -1.73435559e-01  -1.73425462e-01  -1.73415599e-01
  -1.73405968e-01  -1.73396569e-01  -1.73387400e-01  -1.73378462e-01
  -1.73369752e-01  -1.73361269e-01  -1.73353014e-01  -1.73344985e-01
  -1.73337181e-01  -1.73329602e-01  -1.73322246e-01  -1.73315113e-01
  -1.73308202e-01  -1.73301513e-01  -1.73295044e-01  -1.73288795e-01
  -1.73282766e-01  -1.73276955e-01  -1.73271362e-01  -1.73265987e-01
  -1.73260829e-01  -1.73255887e-01  -1.73251160e-01  -1.73246650e-01
  -1.73242353e-01  -1.73238272e-01  -1.73234404e-01  -1.73230750e-01
  -1.73227308e-01  -1.73224080e-01  -1.73221064e-01  -1.73218339e-01
  -1.73314939e-01  -2.42905860e-01   2.40649958e+01   2.42211952e+01]
[  2.35288710e-01   4.70580590e-01   4.70597429e-01   4.70624273e-01
   4.70661853e-01   4.70710171e-01   4.70769224e-01   4.70839012e-01
   4.70919534e-01   4.71010790e-01   4.71112777e-01   4.71225494e-01
   4.71348941e-01   4.71483114e-01   4.71628013e-01   4.71783635e-01
   4.71949978e-01   4.72127041e-01   4.72314820e-01   4.72513312e-01
   4.72722516e-01   4.72942429e-01   4.73173047e-01   4.73414367e-01
   4.73666386e-01   4.73929100e-01   4.74202507e-01   4.74486601e-01
   4.74781380e-01   4.75086839e-01   4.75402974e-01   4.75729781e-01
   4.76067255e-01   4.76415392e-01   4.76774187e-01   4.77143634e-01
   4.77523730e-01   4.77914468e-01   4.78315844e-01   4.78727851e-01
   4.79150485e-01   4.79583739e-01   4.80027607e-01   4.80482084e-01
   4.80947163e-01   4.81422838e-01   4.81909102e-01   4.82405948e-01
   4.82913370e-01   4.83431361e-01   4.83959914e-01   4.84499021e-01
   4.85048675e-01   4.85608868e-01   4.86179593e-01   4.86760842e-01
   4.87352606e-01   4.87954878e-01   4.88567650e-01   4.89190912e-01
   4.89824657e-01   4.90468875e-01   4.91123558e-01   4.91788696e-01
   4.92464282e-01   4.93150304e-01   4.93846753e-01   4.94553621e-01
   4.95270897e-01   4.95998572e-01   4.96736634e-01   4.97485075e-01
   4.98243883e-01   4.99013048e-01   4.99792560e-01   5.00582407e-01
   5.01382580e-01   5.02193065e-01   5.03013853e-01   5.03844932e-01
   5.04686290e-01   5.05537916e-01   5.06399798e-01   5.07271924e-01
   5.08154281e-01   5.09046857e-01   5.09949641e-01   5.10862619e-01
   5.11785778e-01   5.12719106e-01   5.13662590e-01   5.14616216e-01
   5.15579971e-01   5.16553842e-01   5.17537815e-01   5.18531877e-01
   5.19536012e-01   5.20550208e-01   5.21574450e-01   5.22608723e-01
   5.23653014e-01   5.24707307e-01   5.25771587e-01   5.26845841e-01
   5.27930051e-01   5.29024204e-01   5.30128284e-01   5.31242275e-01
   5.32366162e-01   5.33499928e-01   5.34643558e-01   5.35797036e-01
   5.36960344e-01   5.38133468e-01   5.39316390e-01   5.40509093e-01
   5.41711560e-01   5.42923775e-01   5.44145720e-01   5.45377378e-01
   5.46618731e-01   5.47869763e-01   5.49130454e-01   5.50400787e-01
   5.51680743e-01   5.52970306e-01   5.54269456e-01   5.55578174e-01
   5.56896443e-01   5.58224242e-01   5.59561554e-01   5.60908359e-01
   5.62264638e-01   5.63630371e-01   5.65005539e-01   5.66390121e-01
   5.67784099e-01   5.69187452e-01   5.70600161e-01   5.72022203e-01
   5.73453560e-01   5.74894210e-01   5.76344133e-01   5.77803308e-01
   5.79271714e-01   5.80749329e-01   5.82236133e-01   5.83732103e-01
   5.85237218e-01   5.86751457e-01   5.88274797e-01   5.89807216e-01
   5.91348692e-01   5.92899202e-01   5.94458725e-01   5.96027237e-01
   5.97604715e-01   5.99191137e-01   6.00786479e-01   6.02390719e-01
   6.04003832e-01   6.05625795e-01   6.07256585e-01   6.08896177e-01
   6.10544548e-01   6.12201674e-01   6.13867529e-01   6.15542090e-01
   6.17225332e-01   6.18917230e-01   6.20617760e-01   6.22326897e-01
   6.24044614e-01   6.25770888e-01   6.27505692e-01   6.29249000e-01
   6.31000788e-01   6.32761030e-01   6.34529698e-01   6.36306767e-01
   6.38092211e-01   6.39886004e-01   6.41688118e-01   6.43498526e-01
   6.45317203e-01   6.47144120e-01   6.48979252e-01   6.50822569e-01
   6.52674046e-01   6.54533653e-01   6.56401365e-01   6.58277152e-01
   6.60160986e-01   6.62052840e-01   6.63952685e-01   6.65860493e-01
   6.67776235e-01   6.69699882e-01   6.71631405e-01   6.73570776e-01
   6.75517965e-01   6.77472943e-01   6.79435681e-01   6.81406148e-01
   6.83384316e-01   6.85370154e-01   6.87363632e-01   6.89364721e-01
   6.91373389e-01   6.93389607e-01   6.95413344e-01   6.97444570e-01
   6.99483253e-01   7.01529362e-01   7.03582867e-01   7.05643736e-01
   7.07711938e-01   7.09787442e-01   7.11870215e-01   7.13960227e-01
   7.16057444e-01   7.18161836e-01   7.20273370e-01   7.22392013e-01
   7.24517733e-01   7.26650499e-01   7.28790276e-01   7.30937033e-01
   7.33090736e-01   7.35251352e-01   7.37418848e-01   7.39593190e-01
   7.41774346e-01   7.43962282e-01   7.46156964e-01   7.48358357e-01
   7.50566429e-01   7.52781145e-01   7.55002470e-01   7.57230371e-01
   7.59464813e-01   7.61705761e-01   7.63953181e-01   7.66207038e-01
   7.68467296e-01   7.70733921e-01   7.73006878e-01   7.75286131e-01
   7.77571645e-01   7.79863384e-01   7.82161312e-01   7.84465394e-01
   7.86775594e-01   7.89091875e-01   7.91414202e-01   7.93742538e-01
   7.96076847e-01   7.98417092e-01   8.00763237e-01   8.03115245e-01
   8.05473078e-01   8.07836701e-01   8.10206076e-01   8.12581165e-01
   8.14961932e-01   8.17348339e-01   8.19740348e-01   8.22137922e-01
   8.24541023e-01   8.26949613e-01   8.29363654e-01   8.31783109e-01
   8.34207938e-01   8.36638104e-01   8.39073568e-01   8.41514292e-01
   8.43960237e-01   8.46411364e-01   8.48867634e-01   8.51329010e-01
   8.53795450e-01   8.56266918e-01   8.58743372e-01   8.61224774e-01
   8.63711085e-01   8.66202264e-01   8.68698273e-01   8.71199071e-01
   8.73704619e-01   8.76214877e-01   8.78729804e-01   8.81249361e-01
   8.83773508e-01   8.86302203e-01   8.88835407e-01   8.91373080e-01
   8.93915180e-01   8.96461667e-01   8.99012499e-01   9.01567638e-01
   9.04127040e-01   9.06690665e-01   9.09258472e-01   9.11830420e-01
   9.14406467e-01   9.16986572e-01   9.19570693e-01   9.22158788e-01
   9.24750815e-01   9.27346733e-01   9.29946499e-01   9.32550071e-01
   9.35157407e-01   9.37768464e-01   9.40383199e-01   9.43001570e-01
   9.45623533e-01   9.48249045e-01   9.50878062e-01   9.53510542e-01
   9.56146438e-01   9.58785709e-01   9.61428307e-01   9.64074189e-01
   9.66723310e-01   9.69375622e-01   9.72031081e-01   9.74689638e-01
   9.77351247e-01   9.80015859e-01   9.82683425e-01   9.85353896e-01
   9.88027221e-01   9.90703348e-01   9.93382223e-01   9.96063794e-01
   9.98748005e-01   1.00143480e+00   1.00412411e+00   1.00681589e+00
   1.00951007e+00   1.01220658e+00   1.01490535e+00   1.01760632e+00
   1.02030941e+00   1.02301454e+00   1.02572162e+00   1.02843058e+00
   1.03114132e+00   1.03385374e+00   1.03656774e+00   1.03928320e+00
   1.04200002e+00   1.04471805e+00   1.04743718e+00   1.05015725e+00
   1.05287811e+00   1.05559959e+00   1.05832151e+00   1.06104367e+00
   1.06376587e+00   1.06648787e+00   1.06920944e+00   1.07193030e+00
   1.07465017e+00   1.07736873e+00   1.08008564e+00   1.08280055e+00
   1.08551305e+00   1.08822270e+00   1.09092906e+00   1.09363160e+00
   1.09632978e+00   1.09902302e+00   1.10171066e+00   1.10439202e+00
   1.10706634e+00   1.10973281e+00   1.11239057e+00   1.11503866e+00
   1.11767607e+00   1.12030169e+00   1.12291434e+00   1.12551275e+00
   1.12809555e+00   1.13066127e+00   1.13320832e+00   1.13573500e+00
   1.13823950e+00   1.14071987e+00   1.14317402e+00   1.14559972e+00
   1.14799459e+00   1.15035609e+00   1.15268149e+00   1.15496793e+00
   1.15721231e+00   1.15941138e+00   1.16156165e+00   1.16365946e+00
   1.16570089e+00   1.16768181e+00   1.16959785e+00   1.17144438e+00
   1.17321654e+00   1.17490918e+00   1.17651688e+00   1.17803396e+00
   1.17945441e+00   1.18077197e+00   1.18198004e+00   1.18307173e+00
   1.18403982e+00   1.18487676e+00   1.18557470e+00   1.18612543e+00
   1.18652043e+00   1.18675082e+00   1.18680738e+00   1.18668058e+00
   1.18636051e+00   1.18583695e+00   1.18509934e+00   1.18413679e+00
   1.18293806e+00   1.18149164e+00   1.17978566e+00   1.17780799e+00
   1.17554619e+00   1.17298754e+00   1.17011910e+00   1.16692763e+00
   1.16339972e+00   1.15952171e+00   1.15527979e+00   1.15065997e+00
   1.14564816e+00   1.14023013e+00   1.13439160e+00   1.12811823e+00
   1.12139568e+00   1.11420963e+00   1.10654582e+00   1.09839010e+00
   1.08972843e+00   1.08054697e+00   1.07083211e+00   1.06057047e+00
   1.04974902e+00   1.03835505e+00   1.02637627e+00   1.01380083e+00
   1.00061736e+00   9.86815057e-01   9.72383689e-01   9.57313668e-01
   9.41596086e-01   9.25222767e-01   9.08186313e-01   8.90480145e-01
   8.72098552e-01   8.53036731e-01   8.33290829e-01   8.12857983e-01
   7.91736355e-01   7.69925173e-01   7.47424755e-01   7.24236548e-01
   7.00363152e-01   6.75808341e-01   6.50577091e-01   6.24675592e-01
   5.98111266e-01   5.70892778e-01   5.43030038e-01   5.14534213e-01
   4.85417716e-01   4.55694208e-01   4.25378590e-01   3.94486981e-01
   3.63036712e-01   3.31046295e-01   2.98535402e-01   2.65524835e-01
   2.32036490e-01   1.98093319e-01   1.63719292e-01   1.28939344e-01
   9.37793339e-02   5.82659843e-02   2.24268298e-02  -1.37098441e-02
  -5.01150628e-02  -8.67592282e-02  -1.23612185e-01  -1.60643292e-01
  -1.97821492e-01  -2.35115385e-01  -2.72493305e-01  -3.09923393e-01
  -3.47373675e-01  -3.84812138e-01  -4.22206807e-01  -4.59525822e-01
  -4.96737516e-01  -5.33810487e-01  -5.70713678e-01  -6.07416443e-01
  -6.43888627e-01  -6.80100626e-01  -7.16023464e-01  -7.51628851e-01
  -7.86889250e-01  -8.21777932e-01  -8.56269036e-01  -8.90337620e-01
  -9.23959712e-01  -9.57112352e-01  -9.89773640e-01  -1.02192277e+00
  -1.05354006e+00  -1.08460699e+00  -1.11510623e+00  -1.14502165e+00
  -1.17433835e+00  -1.20304265e+00  -1.23112213e+00  -1.25856563e+00
  -1.28536322e+00  -1.31150623e+00  -1.33698722e+00  -1.36180001e+00
  -1.38593961e+00  -1.40940223e+00  -1.43218527e+00  -1.45428727e+00
  -1.47570789e+00  -1.49644791e+00  -1.51650915e+00  -1.53589447e+00
  -1.55460770e+00  -1.57265364e+00  -1.59003798e+00  -1.60676730e+00
  -1.62284899e+00  -1.63829119e+00  -1.65310282e+00  -1.66729344e+00
  -1.68087327e+00  -1.69385311e+00  -1.70624430e+00  -1.71805869e+00
  -1.72930854e+00  -1.74000655e+00  -1.75016575e+00  -1.75979949e+00
  -1.76892136e+00  -1.77754520e+00  -1.78568502e+00  -1.79335495e+00
  -1.80056924e+00  -1.80734218e+00  -1.81368811e+00  -1.81962134e+00
  -1.82515614e+00  -1.83030669e+00  -1.83508711e+00  -1.83951133e+00
  -1.84359317e+00  -1.84734623e+00  -1.85078394e+00  -1.85391949e+00
  -1.85676581e+00  -1.85933560e+00  -1.86164127e+00  -1.86369494e+00
  -1.86550844e+00  -1.86709328e+00  -1.86846065e+00  -1.86962143e+00
  -1.87058615e+00  -1.87136501e+00  -1.87196789e+00  -1.87240431e+00
  -1.87268346e+00  -1.87281417e+00  -1.87280496e+00  -1.87266400e+00
  -1.87239914e+00  -1.87201787e+00  -1.87152739e+00  -1.87093457e+00
  -1.87024598e+00  -1.86946786e+00  -1.86860617e+00  -1.86766659e+00
  -1.86665449e+00  -1.86557499e+00  -1.86443293e+00  -1.86323292e+00
  -1.86197928e+00  -1.86067612e+00  -1.85932732e+00  -1.85793652e+00
  -1.85650717e+00  -1.85504251e+00  -1.85354557e+00  -1.85201922e+00
  -1.85046613e+00  -1.84888882e+00  -1.84728963e+00  -1.84567076e+00
  -1.84403426e+00  -1.84238206e+00  -1.84071593e+00  -1.83903754e+00
  -1.83734844e+00  -1.83565006e+00  -1.83394374e+00  -1.83223073e+00
  -1.83051216e+00  -1.82878910e+00  -1.82706254e+00  -1.82533338e+00
  -1.82360247e+00  -1.82187057e+00  -1.82013841e+00  -1.81840663e+00
  -1.81667584e+00  -1.81494660e+00  -1.81321942e+00  -1.81149475e+00
  -1.80977305e+00  -1.80805468e+00  -1.80634002e+00  -1.80462939e+00
  -1.80292308e+00  -1.80122139e+00  -1.79952454e+00  -1.79783277e+00
  -1.79614629e+00  -1.79446528e+00  -1.79278991e+00  -1.79112034e+00
  -1.78945671e+00  -1.78779914e+00  -1.78614774e+00  -1.78450263e+00
  -1.78286389e+00  -1.78123162e+00  -1.77960587e+00  -1.77798674e+00
  -1.77637426e+00  -1.77476850e+00  -1.77316952e+00  -1.77157734e+00
  -1.76999202e+00  -1.76841359e+00  -1.76684207e+00  -1.76527750e+00
  -1.76371990e+00  -1.76216929e+00  -1.76062569e+00  -1.75908911e+00
  -1.75755958e+00  -1.75603710e+00  -1.75452169e+00  -1.75301334e+00
  -1.75151208e+00  -1.75001791e+00  -1.74853082e+00  -1.74705083e+00
  -1.74557794e+00  -1.74411215e+00  -1.74265346e+00  -1.74120188e+00
  -1.73975739e+00  -1.73832000e+00  -1.73688972e+00  -1.73546653e+00
  -1.73405043e+00  -1.73264142e+00  -1.73123950e+00  -1.72984466e+00
  -1.72845690e+00  -1.72707621e+00  -1.72570259e+00  -1.72433604e+00
  -1.72297654e+00  -1.72162409e+00  -1.72027869e+00  -1.71894032e+00
  -1.71760898e+00  -1.71628467e+00  -1.71496737e+00  -1.71365708e+00
  -1.71235379e+00  -1.71105749e+00  -1.70976818e+00  -1.70848584e+00
  -1.70721046e+00  -1.70594204e+00  -1.70468057e+00  -1.70342604e+00
  -1.70217843e+00  -1.70093774e+00  -1.69970396e+00  -1.69847707e+00
  -1.69725707e+00  -1.69604395e+00  -1.69483769e+00  -1.69363829e+00
  -1.69244572e+00  -1.69125999e+00  -1.69008107e+00  -1.68890896e+00
  -1.68774365e+00  -1.68658512e+00  -1.68543335e+00  -1.68428835e+00
  -1.68315008e+00  -1.68201855e+00  -1.68089373e+00  -1.67977562e+00
  -1.67866420e+00  -1.67755946e+00  -1.67646137e+00  -1.67536994e+00
  -1.67428514e+00  -1.67320696e+00  -1.67213539e+00  -1.67107040e+00
  -1.67001199e+00  -1.66896014e+00  -1.66791483e+00  -1.66687606e+00
  -1.66584379e+00  -1.66481803e+00  -1.66379874e+00  -1.66278593e+00
  -1.66177956e+00  -1.66077962e+00  -1.65978610e+00  -1.65879898e+00
  -1.65781824e+00  -1.65684387e+00  -1.65587585e+00  -1.65491415e+00
  -1.65395877e+00  -1.65300969e+00  -1.65206689e+00  -1.65113034e+00
  -1.65020004e+00  -1.64927597e+00  -1.64835809e+00  -1.64744641e+00
  -1.64654090e+00  -1.64564153e+00  -1.64474830e+00  -1.64386118e+00
  -1.64298016e+00  -1.64210520e+00  -1.64123631e+00  -1.64037345e+00
  -1.63951660e+00  -1.63866575e+00  -1.63782088e+00  -1.63698197e+00
  -1.63614899e+00  -1.63532193e+00  -1.63450076e+00  -1.63368548e+00
  -1.63287604e+00  -1.63207245e+00  -1.63127466e+00  -1.63048267e+00
  -1.62969646e+00  -1.62891599e+00  -1.62814126e+00  -1.62737224e+00
  -1.62660891e+00  -1.62585124e+00  -1.62509922e+00  -1.62435282e+00
  -1.62361203e+00  -1.62287682e+00  -1.62214717e+00  -1.62142305e+00
  -1.62070446e+00  -1.61999135e+00  -1.61928372e+00  -1.61858154e+00
  -1.61788479e+00  -1.61719344e+00  -1.61650748e+00  -1.61582687e+00
  -1.61515161e+00  -1.61448166e+00  -1.61381700e+00  -1.61315762e+00
  -1.61250348e+00  -1.61185457e+00  -1.61121086e+00  -1.61057233e+00
  -1.60993896e+00  -1.60931072e+00  -1.60868760e+00  -1.60806956e+00
  -1.60745658e+00  -1.60684865e+00  -1.60624574e+00  -1.60564782e+00
  -1.60505488e+00  -1.60446688e+00  -1.60388381e+00  -1.60330565e+00
  -1.60273236e+00  -1.60216393e+00  -1.60160033e+00  -1.60104154e+00
  -1.60048754e+00  -1.59993829e+00  -1.59939379e+00  -1.59885401e+00
  -1.59831891e+00  -1.59778848e+00  -1.59726270e+00  -1.59674154e+00
  -1.59622498e+00  -1.59571300e+00  -1.59520556e+00  -1.59470265e+00
  -1.59420425e+00  -1.59371032e+00  -1.59322086e+00  -1.59273583e+00
  -1.59225520e+00  -1.59177897e+00  -1.59130709e+00  -1.59083956e+00
  -1.59037634e+00  -1.58991742e+00  -1.58946277e+00  -1.58901236e+00
  -1.58856618e+00  -1.58812419e+00  -1.58768638e+00  -1.58725273e+00
  -1.58682320e+00  -1.58639778e+00  -1.58597645e+00  -1.58555917e+00
  -1.58514593e+00  -1.58473671e+00  -1.58433148e+00  -1.58393021e+00
  -1.58353290e+00  -1.58313950e+00  -1.58275000e+00  -1.58236439e+00
  -1.58198262e+00  -1.58160469e+00  -1.58123057e+00  -1.58086023e+00
  -1.58049366e+00  -1.58013083e+00  -1.57977172e+00  -1.57941630e+00
  -1.57906456e+00  -1.57871648e+00  -1.57837202e+00  -1.57803117e+00
  -1.57769391e+00  -1.57736022e+00  -1.57703006e+00  -1.57670343e+00
  -1.57638030e+00  -1.57606065e+00  -1.57574445e+00  -1.57543169e+00
  -1.57512235e+00  -1.57481639e+00  -1.57451381e+00  -1.57421458e+00
  -1.57391868e+00  -1.57362609e+00  -1.57333679e+00  -1.57305075e+00
  -1.57276796e+00  -1.57248840e+00  -1.57221205e+00  -1.57193888e+00
  -1.57166888e+00  -1.57140202e+00  -1.57113829e+00  -1.57087767e+00
  -1.57062013e+00  -1.57036566e+00  -1.57011424e+00  -1.56986584e+00
  -1.56962046e+00  -1.56937807e+00  -1.56913864e+00  -1.56890217e+00
  -1.56866863e+00  -1.56843801e+00  -1.56821029e+00  -1.56798544e+00
  -1.56776345e+00  -1.56754430e+00  -1.56732798e+00  -1.56711447e+00
  -1.56690374e+00  -1.56669578e+00  -1.56649058e+00  -1.56628811e+00
  -1.56608836e+00  -1.56589132e+00  -1.56569696e+00  -1.56550526e+00
  -1.56531622e+00  -1.56512982e+00  -1.56494603e+00  -1.56476485e+00
  -1.56458626e+00  -1.56441023e+00  -1.56423676e+00  -1.56406584e+00
  -1.56389743e+00  -1.56373154e+00  -1.56356814e+00  -1.56340722e+00
  -1.56324877e+00  -1.56309276e+00  -1.56293920e+00  -1.56278805e+00
  -1.56263931e+00  -1.56249297e+00  -1.56234901e+00  -1.56220741e+00
  -1.56206817e+00  -1.56193126e+00  -1.56179669e+00  -1.56166442e+00
  -1.56153446e+00  -1.56140679e+00  -1.56128139e+00  -1.56115826e+00
  -1.56103738e+00  -1.56091874e+00  -1.56080233e+00  -1.56068814e+00
  -1.56057615e+00  -1.56046636e+00  -1.56035875e+00  -1.56025332e+00
  -1.56015005e+00  -1.56004893e+00  -1.55994995e+00  -1.55985310e+00
  -1.55975838e+00  -1.55966577e+00  -1.55957526e+00  -1.55948685e+00
  -1.55940052e+00  -1.55931627e+00  -1.55923408e+00  -1.55915396e+00
  -1.55907588e+00  -1.55899984e+00  -1.55892585e+00  -1.55885387e+00
  -1.55878392e+00  -1.55871598e+00  -1.55865004e+00  -1.55858610e+00
  -1.55852415e+00  -1.55846419e+00  -1.55840620e+00  -1.55835019e+00
  -1.55829614e+00  -1.55824405e+00  -1.55819392e+00  -1.55814574e+00
  -1.55809950e+00  -1.55805520e+00  -1.55801283e+00  -1.55797240e+00
  -1.55793389e+00  -1.55789730e+00  -1.55786263e+00  -1.55782987e+00
  -1.55779902e+00  -1.55777008e+00  -1.55774304e+00  -1.55771862e+00
  -1.55858454e+00  -2.17941102e+00   2.40655698e+01   2.42217582e+01]