[  1.45806963e-01   2.92059938e-01   2.92512061e-01   2.92523020e-01
   2.92534317e-01   2.92548832e-01   2.92566584e-01   2.92587572e-01
   2.92611796e-01   2.92639257e-01   2.92669953e-01   2.92703886e-01
   2.92741054e-01   2.92781458e-01   2.92825098e-01   2.92871972e-01
   2.92922082e-01   2.92975426e-01   2.93032005e-01   2.93091818e-01
   2.93154866e-01   2.93221146e-01   2.93290660e-01   2.93363408e-01
   2.93439387e-01   2.93518599e-01   2.93601043e-01   2.93686719e-01
   2.93775626e-01   2.93867763e-01   2.93963131e-01   2.94061728e-01
   2.94163555e-01   2.94268611e-01   2.94376895e-01   2.94488408e-01
   2.94603147e-01   2.94721114e-01   2.94842306e-01   2.94966725e-01
   2.95094369e-01   2.95225237e-01   2.95359329e-01   2.95496645e-01
   2.95637184e-01   2.95780944e-01   2.95927926e-01   2.96078129e-01
   2.96231552e-01   2.96388195e-01   2.96548056e-01   2.96711135e-01
   2.96877432e-01   2.97046945e-01   2.97219673e-01   2.97395617e-01
   2.97574775e-01   2.97757146e-01   2.97942730e-01   2.98131526e-01
   2.98323533e-01   2.98518750e-01   2.98717176e-01   2.98918811e-01
   2.99123653e-01   2.99331701e-01   2.99542956e-01   2.99757415e-01
   2.99975079e-01   3.00195945e-01   3.00420013e-01   3.00647283e-01
   3.00877752e-01   3.01111421e-01   3.01348288e-01   3.01588353e-01
   3.01831613e-01   3.02078069e-01   3.02327719e-01   3.02580562e-01
   3.02836597e-01   3.03095823e-01   3.03358240e-01   3.03623845e-01
   3.03892639e-01   3.04164619e-01   3.04439785e-01   3.04718135e-01
   3.04999670e-01   3.05284386e-01   3.05572285e-01   3.05863363e-01
   3.06157621e-01   3.06455056e-01   3.06755669e-01   3.07059457e-01
   3.07366420e-01   3.07676556e-01   3.07989864e-01   3.08306344e-01
   3.08625994e-01   3.08948812e-01   3.09274798e-01   3.09603951e-01
   3.09936269e-01   3.10271751e-01   3.10610395e-01   3.10952202e-01
   3.11297169e-01   3.11645295e-01   3.11996580e-01   3.12351021e-01
   3.12708619e-01   3.13069371e-01   3.13433276e-01   3.13800333e-01
   3.14170541e-01   3.14543899e-01   3.14920406e-01   3.15300060e-01
   3.15682860e-01   3.16068805e-01   3.16457894e-01   3.16850125e-01
   3.17245498e-01   3.17644011e-01   3.18045663e-01   3.18450452e-01
   3.18858379e-01   3.19269441e-01   3.19683637e-01   3.20100966e-01
   3.20521428e-01   3.20945020e-01   3.21371742e-01   3.21801593e-01
   3.22234571e-01   3.22670675e-01   3.23109904e-01   3.23552258e-01
   3.23997735e-01   3.24446333e-01   3.24898053e-01   3.25352892e-01
   3.25810850e-01   3.26271926e-01   3.26736118e-01   3.27203426e-01
   3.27673849e-01   3.28147385e-01   3.28624034e-01   3.29103795e-01
   3.29586667e-01   3.30072648e-01   3.30561739e-01   3.31053937e-01
   3.31549243e-01   3.32047654e-01   3.32549172e-01   3.33053794e-01
   3.33561519e-01   3.34072348e-01   3.34586279e-01   3.35103311e-01
   3.35623445e-01   3.36146678e-01   3.36673010e-01   3.37202442e-01
   3.37734971e-01   3.38270598e-01   3.38809321e-01   3.39351141e-01
   3.39896056e-01   3.40444066e-01   3.40995171e-01   3.41549370e-01
   3.42106662e-01   3.42667048e-01   3.43230526e-01   3.43797096e-01
   3.44366757e-01   3.44939511e-01   3.45515355e-01   3.46094289e-01
   3.46676314e-01   3.47261429e-01   3.47849633e-01   3.48440926e-01
   3.49035308e-01   3.49632779e-01   3.50233338e-01   3.50836984e-01
   3.51443719e-01   3.52053541e-01   3.52666450e-01   3.53282445e-01
   3.53901527e-01   3.54523696e-01   3.55148950e-01   3.55777290e-01
   3.56408716e-01   3.57043226e-01   3.57680821e-01   3.58321501e-01
   3.58965265e-01   3.59612113e-01   3.60262045e-01   3.60915060e-01
   3.61571158e-01   3.62230339e-01   3.62892602e-01   3.63557948e-01
   3.64226376e-01   3.64897887e-01   3.65572479e-01   3.66250153e-01
   3.66930910e-01   3.67614748e-01   3.68301669e-01   3.68991672e-01
   3.69684758e-01   3.70380928e-01   3.71080182e-01   3.71782522e-01
   3.72487948e-01   3.73196462e-01   3.73908065e-01   3.74622760e-01
   3.75340549e-01   3.76061435e-01   3.76785420e-01   3.77512508e-01
   3.78242703e-01   3.78976011e-01   3.79712435e-01   3.80451983e-01
   3.81194661e-01   3.81940475e-01   3.82689435e-01   3.83441549e-01
   3.84196828e-01   3.84955283e-01   3.85716926e-01   3.86481770e-01
   3.87249830e-01   3.88021122e-01   3.88795663e-01   3.89573472e-01
   3.90354569e-01   3.91138976e-01   3.91926716e-01   3.92717814e-01
   3.93512297e-01   3.94310193e-01   3.95111532e-01   3.95916345e-01
   3.96724666e-01   3.97536530e-01   3.98351973e-01   3.99171032e-01
   3.99993746e-01   4.00820155e-01   4.01650301e-01   4.02484224e-01
   4.03321965e-01   4.04163567e-01   4.05009069e-01   4.05858512e-01
   4.06711933e-01   4.07569368e-01   4.08430849e-01   4.09296405e-01
   4.10166058e-01   4.11039827e-01   4.11917721e-01   4.12799742e-01
   4.13685883e-01   4.14576123e-01   4.15470431e-01   4.16368758e-01
   4.17271042e-01   4.18177200e-01   4.19087130e-01   4.20000706e-01
   4.20917777e-01   4.21838166e-01   4.22761667e-01   4.23688041e-01
   4.24617016e-01   4.25548285e-01   4.26481501e-01   4.27416282e-01
   4.28352200e-01   4.29288789e-01   4.30225540e-01   4.31161901e-01
   4.32097278e-01   4.33031037e-01   4.33962504e-01   4.34890970e-01
   4.35815696e-01   4.36735913e-01   4.37650835e-01   4.38559660e-01
   4.39461584e-01   4.40355810e-01   4.41241559e-01   4.42118085e-01
   4.42984688e-01   4.43840733e-01   4.44685667e-01   4.45519038e-01
   4.46340517e-01   4.47149919e-01   4.47947226e-01   4.48732610e-01
   4.49506457e-01   4.50269390e-01   4.51022292e-01   4.51766330e-01
   4.52502972e-01   4.53234013e-01   4.53961584e-01   4.54688172e-01
   4.55416630e-01   4.56150184e-01   4.56892436e-01   4.57647367e-01
   4.58419331e-01   4.59213045e-01   4.60033574e-01   4.60886315e-01
   4.61776975e-01   4.62711537e-01   4.63696235e-01   4.64737514e-01
   4.65841993e-01   4.67016422e-01   4.68267638e-01   4.69602620e-01
   4.71030622e-01   4.72612060e-01   4.75528099e-01   5.02918331e-01
   7.59758912e-01   2.27145332e+00   3.79365416e+00   4.06569460e+00
   4.12050542e+00   4.17216293e+00   4.22763256e+00   4.28610470e+00
   4.34661284e+00   4.40831877e+00   4.47054986e+00   4.53280869e+00
   4.59476555e+00   4.65623870e+00   4.71716735e+00   4.77758184e+00
   4.83757453e+00   4.89727400e+00   4.95682396e+00   5.01636730e+00
   5.07603538e+00   5.13594164e+00   5.19617880e+00   5.25681868e+00
   5.31791375e+00   5.37949964e+00   5.44159806e+00   5.50421978e+00
   5.56736725e+00   5.63103695e+00   5.69522127e+00   5.75990991e+00
   5.82509096e+00   5.89075166e+00   5.95687882e+00   6.02345911e+00
   6.09047917e+00   6.15792560e+00   6.22578489e+00   6.29404330e+00
   6.36268671e+00   6.43170044e+00   6.50106910e+00   6.57077641e+00
   6.64080506e+00   6.71113654e+00   6.78175103e+00   6.85262722e+00
   6.92374224e+00   6.99507154e+00   7.06658875e+00   7.13826562e+00
   7.21007188e+00   7.28197520e+00   7.35394107e+00   7.42593269e+00
   7.49791094e+00   7.56983422e+00   7.64165845e+00   7.71333692e+00
   7.78482020e+00   7.85605614e+00   7.92698968e+00   7.99756284e+00
   8.06771464e+00   8.13738100e+00   8.20649467e+00   8.27498519e+00
   8.34277881e+00   8.40979843e+00   8.47596356e+00   8.54119029e+00
   8.60539122e+00   8.66847547e+00   8.73034863e+00   8.79091280e+00
   8.85006655e+00   8.90770494e+00   8.96371958e+00   9.01799864e+00
   9.07042692e+00   9.12088591e+00   9.16925388e+00   9.21540597e+00
   9.25921431e+00   9.30054817e+00   9.33927406e+00   9.37525594e+00
   9.40835540e+00   9.43843182e+00   9.46534262e+00   9.48894352e+00
   9.50908871e+00   9.52563123e+00   9.53842316e+00   9.54731598e+00
   9.55216087e+00   9.55280906e+00   9.54911216e+00   9.54092252e+00
   9.52809364e+00   9.51048051e+00   9.48794001e+00   9.46033131e+00
   9.42751627e+00   9.38935979e+00   9.34573022e+00   9.29649971e+00
   9.24154449e+00   9.18074520e+00   9.11398706e+00   9.04115995e+00
   8.96215847e+00   8.87688166e+00   8.78523261e+00   8.68711769e+00
   8.58244542e+00   8.47112483e+00   8.35306324e+00   8.22816332e+00
   8.09631950e+00   7.95741362e+00   7.81131014e+00   7.65785121e+00
   7.49685234e+00   7.32809965e+00   7.15135015e+00   6.96633674e+00
   6.77277968e+00   6.57040635e+00   6.35897985e+00   6.13833595e+00
   5.90842542e+00   5.66935568e+00   5.42142230e+00   5.16511704e+00
   4.90108968e+00   4.62976544e+00   4.33947535e+00   3.72720559e+00
   2.03740634e+00   6.15468978e-01   3.99149752e-01   3.58869042e-01
   3.28114727e-01   2.97791457e-01   2.67589563e-01   2.37413788e-01
   2.07198058e-01   1.76898177e-01   1.46488378e-01   1.15958609e-01
   8.53121002e-02   5.45629619e-02   2.37336575e-02  -7.14771173e-03
  -3.80502987e-02  -6.89435187e-02  -9.98000850e-02  -1.30598987e-01
  -1.61328355e-01  -1.91988219e-01  -2.22593241e-01  -2.53175636e-01
  -2.83788600e-01  -3.14510846e-01  -3.45453514e-01  -3.76792814e-01
  -4.09698794e-01  -4.70389758e-01  -7.84189042e-01  -2.54641204e+00
  -4.32602756e+00  -4.74253105e+00  -4.99342256e+00  -5.23416465e+00
  -5.46852848e+00  -5.69667002e+00  -5.91861249e+00  -6.13433547e+00
  -6.34379517e+00  -6.54693633e+00  -6.74369977e+00  -6.93402709e+00
  -7.11786376e+00  -7.29516110e+00  -7.46587765e+00  -7.62998007e+00
  -7.78744373e+00  -7.93825314e+00  -8.08240218e+00  -8.21989426e+00
  -8.35074230e+00  -8.47496873e+00  -8.59260534e+00  -8.70369313e+00
  -8.80828206e+00  -8.90643078e+00  -8.99820636e+00  -9.08368390e+00
  -9.16294619e+00  -9.23608333e+00  -9.30319227e+00  -9.36437648e+00
  -9.41974541e+00  -9.46941411e+00  -9.51350280e+00  -9.55213634e+00
  -9.58544386e+00  -9.61355825e+00  -9.63661577e+00  -9.65475555e+00
  -9.66811919e+00  -9.67685036e+00  -9.68109434e+00  -9.68099763e+00
  -9.67670760e+00  -9.66837207e+00  -9.65613897e+00  -9.64015601e+00
  -9.62057034e+00  -9.59752825e+00  -9.57117484e+00  -9.54165381e+00
  -9.50910717e+00  -9.47367499e+00  -9.43549520e+00  -9.39470339e+00
  -9.35143261e+00  -9.30581322e+00  -9.25797273e+00  -9.20803566e+00
  -9.15612345e+00  -9.10235435e+00  -9.04684330e+00  -8.98970193e+00
  -8.93103844e+00  -8.87095759e+00  -8.80956066e+00  -8.74694547e+00
  -8.68320629e+00  -8.61843394e+00  -8.55271575e+00  -8.48613560e+00
  -8.41877394e+00  -8.35070787e+00  -8.28201115e+00  -8.21275425e+00
  -8.14300447e+00  -8.07282591e+00  -8.00227966e+00  -7.93142375e+00
  -7.86031332e+00  -7.78900068e+00  -7.71753536e+00  -7.64596423e+00
  -7.57433158e+00  -7.50267922e+00  -7.43104654e+00  -7.35947063e+00
  -7.28798639e+00  -7.21662657e+00  -7.14542191e+00  -7.07440123e+00
  -7.00359151e+00  -6.93301800e+00  -6.86270431e+00  -6.79267249e+00
  -6.72294314e+00  -6.65353549e+00  -6.58446745e+00  -6.51575571e+00
  -6.44741575e+00  -6.37946193e+00  -6.31190742e+00  -6.24476426e+00
  -6.17804327e+00  -6.11175399e+00  -6.04590454e+00  -5.98050151e+00
  -5.91554973e+00  -5.85105209e+00  -5.78700935e+00  -5.72341990e+00
  -5.66027962e+00  -5.59758178e+00  -5.53531710e+00  -5.47347389e+00
  -5.41203851e+00  -5.35099606e+00  -5.29033138e+00  -5.23003047e+00
  -5.17008230e+00  -5.11048103e+00  -5.05122864e+00  -4.99233794e+00
  -4.93383577e+00  -4.87576638e+00  -4.81819472e+00  -4.76120942e+00
  -4.70492529e+00  -4.64948484e+00  -4.59505883e+00  -4.54184520e+00
  -4.49006642e+00  -4.43996479e+00  -4.39179571e+00  -4.34581866e+00
  -4.30228600e+00  -4.26142631e+00  -4.22329946e+00  -4.18298960e+00
  -3.97840401e+00  -2.47327942e+00  -8.65702845e-01  -5.38538100e-01
  -4.93059428e-01  -4.88622240e-01  -4.86770408e-01  -4.85109184e-01
  -4.83510539e-01  -4.81966625e-01  -4.80475691e-01  -4.79036201e-01
  -4.77646547e-01  -4.76305050e-01  -4.75009972e-01  -4.73759528e-01
  -4.72551895e-01  -4.71385229e-01  -4.70257666e-01  -4.69167340e-01
  -4.68112383e-01  -4.67090941e-01  -4.66101176e-01  -4.65141273e-01
  -4.64209450e-01  -4.63303960e-01  -4.62423097e-01  -4.61565203e-01
  -4.60728668e-01  -4.59911938e-01  -4.59113515e-01  -4.58331962e-01
  -4.57565903e-01  -4.56814027e-01  -4.56075088e-01  -4.55347906e-01
  -4.54631367e-01  -4.53924426e-01  -4.53226103e-01  -4.52535484e-01
  -4.51851721e-01  -4.51174030e-01  -4.50501689e-01  -4.49834037e-01
  -4.49170471e-01  -4.48510445e-01  -4.47853470e-01  -4.47199106e-01
  -4.46546962e-01  -4.45896697e-01  -4.45248012e-01  -4.44600651e-01
  -4.43954394e-01  -4.43309060e-01  -4.42664500e-01  -4.42020595e-01
  -4.41377256e-01  -4.40734418e-01  -4.40092039e-01  -4.39450098e-01
  -4.38808593e-01  -4.38167537e-01  -4.37526959e-01  -4.36886897e-01
  -4.36247403e-01  -4.35608535e-01  -4.34970361e-01  -4.34332952e-01
  -4.33696385e-01  -4.33060739e-01  -4.32426096e-01  -4.31792538e-01
  -4.31160151e-01  -4.30529014e-01  -4.29899211e-01  -4.29270821e-01
  -4.28643921e-01  -4.28018586e-01  -4.27394887e-01  -4.26772893e-01
  -4.26152670e-01  -4.25534277e-01  -4.24917773e-01  -4.24303212e-01
  -4.23690643e-01  -4.23080112e-01  -4.22471663e-01  -4.21865332e-01
  -4.21261157e-01  -4.20659168e-01  -4.20059394e-01  -4.19461861e-01
  -4.18866590e-01  -4.18273602e-01  -4.17682913e-01  -4.17094538e-01
  -4.16508490e-01  -4.15924777e-01  -4.15343409e-01  -4.14764392e-01
  -4.14187731e-01  -4.13613429e-01  -4.13041488e-01  -4.12471910e-01
  -4.11904693e-01  -4.11339838e-01  -4.10777342e-01  -4.10217203e-01
  -4.09659418e-01  -4.09103983e-01  -4.08550895e-01  -4.08000149e-01
  -4.07451741e-01  -4.06905667e-01  -4.06361922e-01  -4.05820500e-01
  -4.05281398e-01  -4.04744611e-01  -4.04210133e-01  -4.03677961e-01
  -4.03148089e-01  -4.02620514e-01  -4.02095232e-01  -4.01572237e-01
  -4.01051528e-01  -4.00533099e-01  -4.00016947e-01  -3.99503070e-01
  -3.98991464e-01  -3.98482126e-01  -3.97975053e-01  -3.97470244e-01
  -3.96967695e-01  -3.96467405e-01  -3.95969372e-01  -3.95473594e-01
  -3.94980069e-01  -3.94488796e-01  -3.93999774e-01  -3.93513001e-01
  -3.93028476e-01  -3.92546199e-01  -3.92066168e-01  -3.91588383e-01
  -3.91112844e-01  -3.90639549e-01  -3.90168499e-01  -3.89699693e-01
  -3.89233131e-01  -3.88768812e-01  -3.88306736e-01  -3.87846904e-01
  -3.87389316e-01  -3.86933970e-01  -3.86480868e-01  -3.86030009e-01
  -3.85581394e-01  -3.85135022e-01  -3.84690894e-01  -3.84249011e-01
  -3.83809371e-01  -3.83371977e-01  -3.82936827e-01  -3.82503922e-01
  -3.82073262e-01  -3.81644848e-01  -3.81218680e-01  -3.80794758e-01
  -3.80373083e-01  -3.79953655e-01  -3.79536474e-01  -3.79121541e-01
  -3.78708856e-01  -3.78298419e-01  -3.77890231e-01  -3.77484292e-01
  -3.77080603e-01  -3.76679163e-01  -3.76279974e-01  -3.75883035e-01
  -3.75488347e-01  -3.75095911e-01  -3.74705726e-01  -3.74317794e-01
  -3.73932114e-01  -3.73548687e-01  -3.73167514e-01  -3.72788594e-01
  -3.72411929e-01  -3.72037519e-01  -3.71665363e-01  -3.71295463e-01
  -3.70927819e-01  -3.70562432e-01  -3.70199301e-01  -3.69838428e-01
  -3.69479812e-01  -3.69123455e-01  -3.68769356e-01  -3.68417517e-01
  -3.68067937e-01  -3.67720617e-01  -3.67375558e-01  -3.67032760e-01
  -3.66692223e-01  -3.66353948e-01  -3.66017936e-01  -3.65684187e-01
  -3.65352702e-01  -3.65023480e-01  -3.64696523e-01  -3.64371832e-01
  -3.64049405e-01  -3.63729245e-01  -3.63411352e-01  -3.63095725e-01
  -3.62782367e-01  -3.62471276e-01  -3.62162455e-01  -3.61855902e-01
  -3.61551620e-01  -3.61249608e-01  -3.60949867e-01  -3.60652397e-01
  -3.60357199e-01  -3.60064274e-01  -3.59773622e-01  -3.59485244e-01
  -3.59199140e-01  -3.58915311e-01  -3.58633758e-01  -3.58354480e-01
  -3.58077479e-01  -3.57802755e-01  -3.57530308e-01  -3.57260140e-01
  -3.56992250e-01  -3.56726640e-01  -3.56463310e-01  -3.56202260e-01
  -3.55943491e-01  -3.55687004e-01  -3.55432799e-01  -3.55180876e-01
  -3.54931237e-01  -3.54683882e-01  -3.54438811e-01  -3.54196025e-01
  -3.53955524e-01  -3.53717310e-01  -3.53481382e-01  -3.53247741e-01
  -3.53016388e-01  -3.52787323e-01  -3.52560547e-01  -3.52336061e-01
  -3.52113864e-01  -3.51893958e-01  -3.51676342e-01  -3.51461018e-01
  -3.51247986e-01  -3.51037247e-01  -3.50828801e-01  -3.50622648e-01
  -3.50418790e-01  -3.50217226e-01  -3.50017957e-01  -3.49820984e-01
  -3.49626307e-01  -3.49433927e-01  -3.49243844e-01  -3.49056059e-01
  -3.48870572e-01  -3.48687383e-01  -3.48506494e-01  -3.48327904e-01
  -3.48151614e-01  -3.47977625e-01  -3.47805937e-01  -3.47636550e-01
  -3.47469465e-01  -3.47304683e-01  -3.47142203e-01  -3.46982027e-01
  -3.46824155e-01  -3.46668586e-01  -3.46515323e-01  -3.46364364e-01
  -3.46215711e-01  -3.46069363e-01  -3.45925322e-01  -3.45783588e-01
  -3.45644161e-01  -3.45507041e-01  -3.45372229e-01  -3.45239725e-01
  -3.45109530e-01  -3.44981644e-01  -3.44856067e-01  -3.44732800e-01
  -3.44611843e-01  -3.44493196e-01  -3.44376860e-01  -3.44262836e-01
  -3.44151123e-01  -3.44041721e-01  -3.43934632e-01  -3.43829855e-01
  -3.43727390e-01  -3.43627239e-01  -3.43529401e-01  -3.43433877e-01
  -3.43340666e-01  -3.43249770e-01  -3.43161188e-01  -3.43074921e-01
  -3.42990969e-01  -3.42909331e-01  -3.42830010e-01  -3.42753004e-01
  -3.42678314e-01  -3.42605940e-01  -3.42535882e-01  -3.42468141e-01
  -3.42402717e-01  -3.42339610e-01  -3.42278819e-01  -3.42220347e-01
  -3.42164191e-01  -3.42110353e-01  -3.42058834e-01  -3.42009632e-01
  -3.41962748e-01  -3.41918183e-01  -3.41875936e-01  -3.41836007e-01
  -3.41798397e-01  -3.41763113e-01  -3.41730645e-01  -3.41741228e-01
  -3.45037496e-01  -4.92026814e-01   2.31632651e+01   2.34811381e+01]
[  1.31173569   2.6116622    2.61560103   2.61569649   2.6157949
   2.61592134   2.61607597   2.61625879   2.6164698    2.616709
   2.61697638   2.61727194   2.61759568   2.6179476    2.61832769
   2.61873596   2.61917238   2.61963698   2.62012972   2.62065063
   2.62119968   2.62177687   2.62238221   2.62301567   2.62367726
   2.62436698   2.62508481   2.62583075   2.62660478   2.62740692
   2.62823714   2.62909544   2.62998181   2.63089624   2.63183873
   2.63280927   2.63380784   2.63483445   2.63588907   2.6369717
   2.63808233   2.63922095   2.64038756   2.64158213   2.64280465
   2.64405513   2.64533354   2.64663987   2.64797411   2.64933626
   2.65072629   2.65214419   2.65358996   2.65506358   2.65656503
   2.6580943    2.65965138   2.66123625   2.6628489    2.66448931
   2.66615748   2.66785337   2.66957699   2.67132831   2.67310731
   2.67491398   2.67674831   2.67861028   2.68049986   2.68241705
   2.68436183   2.68633417   2.68833406   2.69036148   2.69241641
   2.69449884   2.69660875   2.69874611   2.7009109    2.70310312
   2.70532272   2.70756971   2.70984405   2.71214573   2.71447472
   2.716831     2.71921455   2.72162536   2.72406339   2.72652862
   2.72902104   2.73154062   2.73408733   2.73666116   2.73926207
   2.74189006   2.74454508   2.74722713   2.74993616   2.75267217
   2.75543511   2.75822498   2.76104174   2.76388536   2.76675583
   2.7696531    2.77257717   2.775528     2.77850556   2.78150983
   2.78454078   2.78759838   2.7906826    2.79379342   2.7969308
   2.80009472   2.80328515   2.80650206   2.80974542   2.8130152
   2.81631137   2.81963389   2.82298275   2.82635791   2.82975933
   2.83318699   2.83664085   2.84012089   2.84362707   2.84715935
   2.85071771   2.85430212   2.85791253   2.86154893   2.86521126
   2.86889951   2.87261363   2.8763536    2.88011937   2.88391091
   2.88772819   2.89157118   2.89543983   2.89933412   2.903254
   2.90719944   2.9111704    2.91516685   2.91918875   2.92323607
   2.92730876   2.93140679   2.93553011   2.93967871   2.94385252
   2.94805153   2.95227568   2.95652494   2.96079927   2.96509863
   2.96942298   2.97377228   2.97814649   2.98254557   2.98696948
   2.99141819   2.99589164   3.00038979   3.00491261   3.00946006
   3.01403209   3.01862865   3.02324971   3.02789523   3.03256515
   3.03725945   3.04197806   3.04672095   3.05148808   3.0562794
   3.06109486   3.06593442   3.07079804   3.07568566   3.08059724
   3.08553273   3.09049209   3.09547526   3.10048221   3.10551287
   3.11056721   3.11564516   3.12074669   3.12587174   3.13102025
   3.13619218   3.14138748   3.14660608   3.15184794   3.15711301
   3.16240122   3.16771252   3.17304686   3.17840418   3.18378441
   3.18918752   3.19461342   3.20006207   3.2055334    3.21102736
   3.21654389   3.22208291   3.22764437   3.23322822   3.23883437
   3.24446278   3.25011338   3.25578611   3.2614809    3.26719769
   3.27293641   3.27869701   3.28447943   3.2902836    3.29610946
   3.30195696   3.30782604   3.31371664   3.3196287    3.32556219
   3.33151704   3.33749322   3.34349068   3.34950938   3.35554929
   3.36161037   3.3676926    3.37379596   3.37992044   3.38606602
   3.39223271   3.39842051   3.40462943   3.4108595    3.41711074
   3.4233832    3.42967692   3.43599196   3.44232839   3.44868629
   3.45506576   3.46146689   3.46788981   3.47433463   3.48080149
   3.48729054   3.49380195   3.50033588   3.50689251   3.51347203
   3.52007464   3.52670053   3.53334992   3.540023     3.54671999
   3.55344109   3.56018649   3.56695638   3.57375091   3.58057024
   3.58741449   3.59428372   3.60117798   3.60809727   3.61504151
   3.62201056   3.6290042    3.63602213   3.64306394   3.65012909
   3.65721693   3.66432666   3.6714573    3.67860772   3.6857766
   3.6929624    3.70016334   3.70737745   3.71460246   3.72183586
   3.72907485   3.73631632   3.74355691   3.7507929    3.7580203
   3.76523479   3.77243178   3.77960636   3.78675338   3.79386742
   3.80094287   3.80797393   3.81495469   3.82187919   3.82874144
   3.83553557   3.84225587   3.84889691   3.85545366   3.86192157
   3.86829678   3.87457618   3.88075761   3.88684001   3.89282357
   3.8987099    3.90450221   3.91020546   3.91582652   3.92137434
   3.92686008   3.93229725   3.9377018    3.94309226   3.94848973
   3.953918     3.95940351   3.96497533   3.97066513   3.97650704
   3.98253755   3.98879532   3.99532099   4.00215689   4.00934677
   4.0169355    4.02496869   4.03349231   4.04255234   4.05219498
   4.06248199   4.07384088   4.09469267   4.28435871   5.31877296
   2.9293583    3.93947683   4.18429856   4.23446073   4.28195608
   4.33317834   4.38740639   4.44375821   4.50145584   4.55986421
   4.61850463   4.67705168   4.73531773   4.79322973   4.85080236
   4.90811116   4.96526829   5.02240234   5.07964296   5.13711023
   5.19490823   5.25312207   5.31181741   5.37104174   5.43082666
   5.49119052   5.55214121   5.61367872   5.67579727   5.73848716
   5.80173612   5.86553037   5.92985532   5.99469598   6.06003731
   6.12586424   6.19216173   6.25891468   6.32610778   6.39372541
   6.46175144   6.53016907   6.59896069   6.66810769   6.73759032
   6.80738755   6.87747695   6.94783455   7.01843473   7.08925013
   7.16025154   7.23140776   7.30268558   7.37404963   7.44546233
   7.51688375   7.58827158   7.659581     7.73076463   7.8017724
   7.87255152   7.94304633   8.01319831   8.08294591   8.15222452
   8.22096643   8.28910067   8.35655307   8.42324608   8.48909882
   8.55402699   8.61794282   8.68075509   8.74236907   8.80268657
   8.86160585   8.91902173   8.97482558   9.02890535   9.08114563
   9.13142775   9.1796298    9.2256268    9.26929079   9.31049091
   9.34909365   9.38496293   9.41796031   9.44794522   9.47477512
   9.49830582   9.51839165   9.53488579   9.54764055   9.55650764
   9.56133855   9.56198487   9.55829863   9.55013267   9.53734103
   9.51977936   9.49730528   9.46977881   9.43706274   9.3990231
   9.35552948   9.30645545   9.25167886   9.19108222   9.12455284
   9.05198307   8.97327028   8.88831673   8.79702922   8.69931844
   8.59509793   8.48428261   8.36678669   8.24252108   8.11138995
   7.97328687   7.82809052   7.67566035   7.51583319   7.34842159
   7.17321567   6.98999006   6.79851815   6.5985954    6.39007282
   6.17290061   5.9471796    5.71321568   5.47156963   5.2230919
   4.96892564   4.71020483   4.43709906   3.88091321   2.9314465
   4.92136366   3.51330117   3.18298042   2.92295697   2.66153441
   2.39738626   2.13070901   1.8617331    1.59069913   1.31785601
   1.04345978   0.76777275   0.49106279   0.21360286  -0.06432941
  -0.34245205  -0.62047921  -0.89812157  -1.17508703  -1.45108152
  -1.72581008  -1.99897818  -2.27029331  -2.53946698  -2.80621729
  -3.07027583  -3.33157784  -3.59747463  -4.05786888  -5.33626039
  -3.01966747  -4.42456106  -4.81738277  -5.05757262  -5.28987933
  -5.51739295  -5.73990295  -5.95716712  -6.16896773  -6.37511176
  -6.5754294   -6.76977243  -6.95801241  -7.14003917  -7.31575943
  -7.48509562  -7.64798501  -7.8043788   -7.95424157  -8.09755059
  -8.23429538  -8.3644772   -8.48810862  -8.60521304  -8.71582433
  -8.81998632  -8.91775243  -9.00918519  -9.09435576  -9.17334355
  -9.24623568  -9.31312655  -9.37411733  -9.42931552  -9.47883446
  -9.5227928   -9.56131409  -9.59452628  -9.62256124  -9.6455543
  -9.66364379  -9.67697064  -9.68567788  -9.68991025  -9.68981381
  -9.6855355   -9.67722282  -9.6650234   -9.6490847   -9.62955366
  -9.60657641  -9.58029794  -9.55086184  -9.51841005  -9.48308262
  -9.44501748  -9.40435023  -9.36121396  -9.3157391   -9.26805325
  -9.21828105  -9.16654407  -9.11296068  -9.05764604  -9.00071193
  -8.94226678  -8.88241557  -8.82125984  -8.75889763  -8.69542353
  -8.63092865  -8.56550063  -8.49922369  -8.43217864  -8.36444294
  -8.29609074  -8.22719295  -8.15781727  -8.08802827  -8.0178875
  -7.9474535   -7.87678192  -7.80592561  -7.73493466  -7.66385653
  -7.59273613  -7.5216159   -7.4505359   -7.37953393  -7.30864559
  -7.23790439  -7.16734187  -7.09698766  -7.02686959  -6.95701379
  -6.8874448   -6.81818563  -6.74925788  -6.68068181  -6.61247642
  -6.54465949  -6.47724771  -6.41025661  -6.34370064  -6.27759316
  -6.21194635  -6.14677118  -6.08207727  -6.01787278  -5.9541642
  -5.8909562   -5.82825141  -5.76605022  -5.70435067  -5.64314837
  -5.58243654  -5.52220623  -5.46244674  -5.40314635  -5.34429329
  -5.28587714  -5.2278906   -5.17033162  -5.11320589  -5.05652973
  -5.00033301  -4.94466231  -4.88958381  -4.83518593  -4.78158133
  -4.728908    -4.67732925  -4.62703226  -4.57822498  -4.5311313
  -4.48598418  -4.4430171   -4.4024534   -4.36449105  -4.32916908
  -4.29193614  -4.10494557  -2.9882905   -5.30047863  -4.5125729
  -4.21742027  -4.18679552  -4.17392524  -4.1623355   -4.15114321
  -4.14029792  -4.1297913   -4.11961619  -4.10976464  -4.10022791
  -4.09099656  -4.08206057  -4.07340938  -4.06503207  -4.05691733
  -4.04905365  -4.04142932  -4.03403251  -4.02685138  -4.01987408
  -4.01308887  -4.0064841   -4.00004834  -3.99377035  -3.98763917
  -3.98164414  -3.97577493  -3.97002156  -3.96437444  -3.95882438
  -3.95336262  -3.94798081  -3.94267107  -3.93742595  -3.93223845
  -3.92710203  -3.9220106   -3.91695851  -3.91194054  -3.90695191
  -3.90198825  -3.8970456   -3.89212037  -3.88720937  -3.88230975
  -3.87741901  -3.87253496  -3.86765571  -3.86277968  -3.85790552
  -3.85303216  -3.84815874  -3.84328459  -3.83840927  -3.83353249
  -3.82865411  -3.82377415  -3.81889274  -3.81401011  -3.8091266
  -3.80424262  -3.79935866  -3.79447526  -3.789593    -3.7847125
  -3.77983442  -3.7749594   -3.77008814  -3.76522131  -3.7603596
  -3.75550366  -3.75065417  -3.74581177  -3.74097707  -3.7361507
  -3.73133322  -3.72652519  -3.72172713  -3.71693956  -3.71216293
  -3.7073977   -3.70264428  -3.69790304  -3.69317435  -3.68845855
  -3.68375593  -3.67906677  -3.67439133  -3.66972985  -3.66508252
  -3.66044954  -3.65583109  -3.6512273   -3.64663832  -3.64206427
  -3.63750526  -3.63296136  -3.62843268  -3.62391927  -3.61942119
  -3.61493851  -3.61047126  -3.60601948  -3.6015832   -3.59716245
  -3.59275726  -3.58836763  -3.5839936   -3.57963516  -3.57529234
  -3.57096515  -3.56665358  -3.56235766  -3.55807739  -3.55381278
  -3.54956383  -3.54533056  -3.54111298  -3.53691109  -3.53272491
  -3.52855445  -3.52439973  -3.52026075  -3.51613753  -3.51203009
  -3.50793845  -3.50386262  -3.49980263  -3.4957585   -3.49173024
  -3.48771788  -3.48372145  -3.47974097  -3.47577647  -3.47182797
  -3.46789549  -3.46397908  -3.46007875  -3.45619454  -3.45232647
  -3.44847457  -3.44463889  -3.44081944  -3.43701626  -3.43322937
  -3.42945882  -3.42570463  -3.42196684  -3.41824548  -3.41454057
  -3.41085216  -3.40718027  -3.40352493  -3.39988619  -3.39626406
  -3.39265859  -3.38906981  -3.38549774  -3.38194241  -3.37840387
  -3.37488214  -3.37137725  -3.36788923  -3.36441812  -3.36096394
  -3.35752673  -3.35410651  -3.35070332  -3.34731718  -3.34394813
  -3.34059619  -3.33726139  -3.33394376  -3.33064333  -3.32736014
  -3.32409419  -3.32084554  -3.31761419  -3.31440019  -3.31120356
  -3.30802431  -3.3048625   -3.30171812  -3.29859123  -3.29548184
  -3.29238997  -3.28931566  -3.28625892  -3.2832198   -3.2801983
  -3.27719446  -3.2742083   -3.27123985  -3.26828912  -3.26535616
  -3.26244097  -3.25954358  -3.25666403  -3.25380232  -3.25095849
  -3.24813256  -3.24532455  -3.24253449  -3.2397624   -3.23700829
  -3.23427221  -3.23155416  -3.22885416  -3.22617225  -3.22350845
  -3.22086276  -3.21823523  -3.21562586  -3.21303469  -3.21046173
  -3.207907    -3.20537052  -3.20285232  -3.20035241  -3.19787082
  -3.19540756  -3.19296266  -3.19053614  -3.18812802  -3.18573831
  -3.18336703  -3.18101421  -3.17867987  -3.17636401  -3.17406668
  -3.17178787  -3.16952761  -3.16728592  -3.16506282  -3.16285832
  -3.16067244  -3.15850521  -3.15635663  -3.15422673  -3.15211553
  -3.15002303  -3.14794926  -3.14589424  -3.14385797  -3.14184049
  -3.1398418   -3.13786192  -3.13590087  -3.13395866  -3.13203531
  -3.13013084  -3.12824525  -3.12637857  -3.12453081  -3.12270198
  -3.12089211  -3.1191012   -3.11732927  -3.11557634  -3.11384241
  -3.11212751  -3.11043164  -3.10875482  -3.10709707  -3.1054584
  -3.10383881  -3.10223833  -3.10065696  -3.09909473  -3.09755164
  -3.0960277   -3.09452293  -3.09303734  -3.09157094  -3.09012374
  -3.08869576  -3.08728701  -3.0858975   -3.08452723  -3.08317622
  -3.08184449  -3.08053204  -3.07923888  -3.07796502  -3.07671048
  -3.07547526  -3.07425938  -3.07306284  -3.07188565  -3.07072783
  -3.06958938  -3.06847031  -3.06737063  -3.06629035  -3.06522948
  -3.06418803  -3.063166    -3.0621634   -3.06118025  -3.06021654
  -3.05927229  -3.05834751  -3.0574422   -3.05655637  -3.05569003
  -3.05484318  -3.05401583  -3.05320799  -3.05241967  -3.05165086
  -3.05090158  -3.05017183  -3.04946162  -3.04877096  -3.04809985
  -3.04744829  -3.04681629  -3.04620385  -3.04561099  -3.0450377   -3.044484
  -3.04394987  -3.04343534  -3.0429404   -3.04246505  -3.04200931
  -3.04157317  -3.04115664  -3.04075972  -3.04038241  -3.04002472
  -3.03968665  -3.03936821  -3.03906944  -3.03879451  -3.03888413
  -3.06676216  -4.21032048  23.16390885  23.48175599]