[  0.19547611   0.39241573   0.39391152   0.39395771   0.39398977
   0.39403062   0.39408063   0.39413979   0.39420812   0.39428562
   0.39437229   0.39446814   0.39457316   0.39468738   0.39481078
   0.39494339   0.3950852    0.39523622   0.39539646   0.39556592
   0.39574463   0.39593258   0.39612978   0.39633625   0.39655199
   0.39677703   0.39701135   0.39725499   0.39750795   0.39777025
   0.39804189   0.39832289   0.39861328   0.39891305   0.39922223
   0.39954084   0.39986889   0.40020639   0.40055337   0.40090984
   0.40127582   0.40165134   0.4020364    0.40243104   0.40283527
   0.40324911   0.40367259   0.40410573   0.40454855   0.40500108
   0.40546334   0.40593536   0.40641715   0.40690876   0.4074102
   0.40792151   0.4084427    0.40897382   0.40951489   0.41006594
   0.410627     0.41119811   0.41177929   0.41237059   0.41297203
   0.41358365   0.41420548   0.41483757   0.41547994   0.41613265
   0.41679572   0.41746919   0.41815311   0.41884752   0.41955246
   0.42026798   0.42099411   0.42173091   0.42247841   0.42323667
   0.42400574   0.42478566   0.42557649   0.42637827   0.42719106
   0.42801492   0.42884989   0.42969603   0.4305534    0.43142206
   0.43230207   0.43319349   0.43409637   0.4350108    0.43593682
   0.4368745    0.43782392   0.43878515   0.43975824   0.44074329
   0.44174035   0.44274951   0.44377084   0.44480443   0.44585034
   0.44690868   0.44797951   0.44906293   0.45015903   0.45126789
   0.45238961   0.45352429   0.45467201   0.45583289   0.45700702
   0.45819451   0.45939546   0.46060998   0.46183819   0.4630802
   0.46433612   0.46560609   0.46689021   0.46818863   0.46950146
   0.47082884   0.47217092   0.47352782   0.4748997    0.4762867
   0.47768897   0.47910668   0.48053997   0.48198902   0.48345399
   0.48493506   0.48643241   0.48794622   0.48947669   0.49102399
   0.49258835   0.49416995   0.49576902   0.49738578   0.49902044
   0.50067325   0.50234444   0.50403426   0.50574296   0.50747082
   0.50921809   0.51098506   0.51277203   0.51457928   0.51640714
   0.51825591   0.52012594   0.52201756   0.52393113   0.52586702
   0.52782561   0.52980729   0.53181248   0.53384159   0.53589507
   0.53797339   0.54007701   0.54220642   0.54436216   0.54654474
   0.54875473   0.55099271   0.55325929   0.55555509   0.55788078
   0.56023705   0.56262462   0.56504423   0.56749668   0.56998279
   0.57250343   0.5750595    0.57765196   0.5802818    0.58295008
   0.5856579    0.58840643   0.5911969    0.59403061   0.59690892
   0.59983329   0.60280525   0.60582643   0.60889855   0.61202346
   0.6152031    0.61843957   0.62173507   0.625092     0.62851288
   0.63200046   0.63555766   0.63918765   0.64289382   0.64667987
   0.65054978   0.65450788   0.6585589    0.66270799   0.6669608
   0.67132353   0.67580301   0.68040681   0.68514333   0.69002194
   0.69505314   0.70024875   0.70562217   0.71118866   0.71696574
   0.72297365   0.72923598   0.73578055   0.74264047   0.74985581
   0.75747617   0.76556563   0.77421459   0.78357397   0.79396141
   0.80618835   0.82249655   0.84884442   0.89867836   0.99292436
   1.14298675   1.32268104   1.47951262   1.5869865    1.65670548
   1.70765957   1.75064827   1.79006452   1.82753665   1.86372306
   1.89895556   1.93344318   1.96733693   2.00075342   2.03378593
   2.06651072   2.09899127   2.13128109   2.1634259    2.19546512
   2.2274331    2.25935999   2.29127244   2.3231942    2.35514654
   2.38714862   2.4192178    2.45136986   2.48361922   2.51597911
   2.5484617    2.58107826   2.61383921   2.64675425   2.67983241
   2.71308216   2.74651139   2.78012755   2.81393762   2.84794821
   2.88216554   2.9165955    2.95124369   2.9861154    3.02121567
   3.0565493    3.09212085   3.12793469   3.16399497   3.20030567
   3.23687059   3.27369338   3.31077753   3.34812636   3.3857431
   3.42363082   3.46179248   3.50023091   3.53894883   3.57794888
   3.61723356   3.6568053    3.69666642   3.73681917   3.7772657
   3.81800807   3.85904827   3.90038822   3.94202976   3.98397464
   4.02622456   4.06878116   4.11164598   4.15482053   4.19830624
   4.24210447   4.28621654   4.33064371   4.37538716   4.42044804
   4.46582743   4.51152636   4.5575458    4.60388669   4.65054989
   4.69753622   4.74484645   4.7924813    4.84044145   4.88872751
   4.93734006   4.98627961   5.03554664   5.08514158   5.1350648
   5.18531662   5.23589733   5.28680714   5.33804624   5.38961475
   5.44151274   5.49374022   5.54629716   5.59918348   5.652399
   5.70594354   5.7598168    5.81401847   5.86854812   5.9234053
   5.97858945   6.03409996   6.08993611   6.14609712   6.20258211
   6.2593901    6.31652001   6.37397066   6.43174075   6.48982885
   6.5482334    6.6069527    6.6659849    6.72532799   6.78497977
   6.84493786   6.90519969   6.96576246   7.02662312   7.0877784
   7.14922474   7.21095829   7.27297489   7.33527003   7.39783886
   7.46067612   7.52377614   7.5871328    7.6507395    7.71458911
   7.77867397   7.84298579   7.90751569   7.97225409   8.03719067
   8.10231437   8.16761328   8.23307463   8.29868471   8.36442882
   8.43029121   8.496255     8.56230215   8.62841336   8.69456801
   8.76074406   8.82691804   8.8930649    8.95915798   9.02516888
   9.09106745   9.15682161   9.22239735   9.28775859   9.35286711
   9.41768244   9.48216182   9.54626005   9.60992944   9.67311973
   9.73577796   9.79784842   9.85927256   9.91998893   9.97993305
  10.0390374   10.09723132  10.15444094  10.21058917  10.2655956
  10.31937647  10.37184467  10.42290966  10.47247752  10.52045086
  10.56672893  10.61120754  10.65377913  10.69433284  10.73275452
  10.76892681  10.80272925  10.83403836  10.86272775  10.88866828
  10.91172817  10.93177322  10.94866695  10.96227081  10.97244444
  10.97904587  10.98193177  10.98095776  10.9759787   10.96684897
  10.95342284  10.93555478  10.91309986  10.88591408  10.8538548
  10.81678116  10.77455444  10.72703855  10.67410045  10.61561058
  10.55144336  10.48147761  10.40559706  10.32369078  10.23565368
  10.14138695  10.04079856   9.93380367   9.82032514   9.70029391
   9.57364943   9.44034011   9.30032366   9.15356745   9.00004887
   8.83975561   8.67268594   8.4988489    8.3182645    8.13096382
   7.93698903   7.73639339   7.52924108   7.31560691   7.0955759
   6.8692426    6.63671016   6.39808895   6.1534946    5.90304528
   5.64685765   5.38504089   5.11768775   4.8448605    4.56656843
   4.28272996   3.99310572   3.6971718    3.39385322   3.08079287
   2.75029974   2.35783084   1.76702398   1.09767741   0.66431761
   0.46466376   0.34351453   0.2357811    0.13074463   0.02625036
  -0.078223    -0.18292944  -0.28896718  -0.40079924  -0.54630414
  -0.84008689  -1.43105154  -2.1020247   -2.57507301  -2.9259677
  -3.2473236   -3.55666222  -3.85784665  -4.15242183  -4.44112953
  -4.7243221   -5.00214214  -5.27461325  -5.54168982  -5.80328592
  -6.05929297  -6.30959092  -6.55405546  -6.79256294  -7.02499374
  -7.25123452  -7.47117993  -7.68473371  -7.89180956  -8.09233163
  -8.28623496  -8.47346567  -8.65398104  -8.82774961  -8.99475102
  -9.15497594  -9.30842589  -9.45511298  -9.59505966  -9.72829841
  -9.85487139  -9.97483012 -10.08823503 -10.1951551  -10.29566741
 -10.38985674 -10.47781506 -10.55964111 -10.63543995 -10.70532246
 -10.76940487 -10.82780832 -10.88065837 -10.92808452 -10.9702198
 -11.00720026 -11.03916458 -11.06625362 -11.08860998 -11.10637761
 -11.11970145 -11.12872699 -11.13359993 -11.13446588 -11.13146995
 -11.12475651 -11.11446885 -11.10074892 -11.08373707 -11.06357184
 -11.04038966 -11.01432474 -10.98550882 -10.95407103 -10.92013774
 -10.88383242 -10.84527551 -10.80458434 -10.76187305 -10.7172525
 -10.67083022 -10.62271037 -10.57299372 -10.52177762 -10.46915598
 -10.41521933 -10.36005477 -10.30374604 -10.24637353 -10.18801435
 -10.12874233 -10.06862813 -10.00773926  -9.94614018  -9.88389234
  -9.82105429  -9.75768172  -9.69382758  -9.62954214  -9.56487307
  -9.49986557  -9.4345624   -9.36900401  -9.30322863  -9.23727233
  -9.17116913  -9.10495109  -9.03864838  -8.97228939  -8.90590078
  -8.8395076   -8.77313334  -8.70680002  -8.64052827  -8.57433739
  -8.50824545  -8.44226932  -8.37642476  -8.31072647  -8.24518818
  -8.17982267  -8.11464185  -8.04965681  -7.98487787  -7.92031461
  -7.85597596  -7.7918702   -7.72800502  -7.66438756  -7.60102443
  -7.53792179  -7.47508532  -7.4125203   -7.35023162  -7.28822379
  -7.22650101  -7.16506716  -7.10392581  -7.04308028  -6.98253363
  -6.9222887   -6.8623481   -6.80271424  -6.74338935  -6.68437548
  -6.62567451  -6.56728819  -6.50921812  -6.45146576  -6.39403247
  -6.33691946  -6.28012786  -6.22365871  -6.16751292  -6.11169134
  -6.05619472  -6.00102375  -5.94617902  -5.89166106  -5.83747034
  -5.78360725  -5.73007214  -5.67686527  -5.62398686  -5.57143708
  -5.51921604  -5.46732379  -5.41576033  -5.36452562  -5.31361957
  -5.26304203  -5.21279281  -5.16287168  -5.11327835  -5.06401249
  -5.01507373  -4.96646164  -4.91817576  -4.87021557  -4.82258051
  -4.77526998  -4.72828333  -4.68161986  -4.63527883  -4.58925944
  -4.54356086  -4.4981822   -4.45312251  -4.40838082  -4.36395608
  -4.31984722  -4.27605308  -4.23257248  -4.18940417  -4.14654684
  -4.10399914  -4.06175966  -4.01982691  -3.97819936  -3.93687541
  -3.89585341  -3.85513162  -3.81470826  -3.77458146  -3.73474928
  -3.69520972  -3.65596069  -3.61700004  -3.5783255   -3.53993476
  -3.50182539  -3.46399488  -3.42644062  -3.3891599   -3.35214991
  -3.31540772  -3.27893029  -3.24271446  -3.20675694  -3.17105429
  -3.13560295  -3.10039919  -3.06543913  -3.0307187   -2.99623367
  -2.96197959  -2.92795182  -2.89414547  -2.86055544  -2.82717632
  -2.79400246  -2.76102787  -2.72824625  -2.69565089  -2.66323473
  -2.63099022  -2.59890936  -2.56698358  -2.53520374  -2.50356     -2.47204181
  -2.44063775  -2.40933548  -2.37812158  -2.34698141  -2.31589892
  -2.28485647  -2.25383455  -2.22281145  -2.19176293  -2.16066168
  -2.12947681  -2.09817298  -2.06670955  -2.03503922  -2.00310639
  -1.97084484  -1.93817452  -1.9049968   -1.87118685  -1.83657922
  -1.80093301  -1.76382897  -1.72434347  -1.68006978  -1.62467604
  -1.54419792  -1.41983285  -1.25214479  -1.08149522  -0.95432614
  -0.88044231  -0.84222047  -0.82125913  -0.80747255  -0.79666235
  -0.78727104  -0.77872472  -0.77078843  -0.76334389  -0.75631685
  -0.74965318  -0.74331033  -0.73725355  -0.73145391  -0.72588697
  -0.72053183  -0.71537052  -0.71038739  -0.70556877  -0.70090259
  -0.69637819  -0.69198606  -0.68771768  -0.6835654   -0.67952233
  -0.67558222  -0.67173937  -0.6679886   -0.66432517  -0.66074472
  -0.65724326  -0.6538171   -0.65046281  -0.64717724  -0.64395747
  -0.64080075  -0.63770455  -0.6346665   -0.63168438  -0.6287561
  -0.62587972  -0.62305341  -0.62027544  -0.6175442   -0.61485815
  -0.61221586  -0.60961595  -0.60705713  -0.60453818  -0.60205794
  -0.59961531  -0.59720923  -0.59483872  -0.59250282  -0.59020064
  -0.5879313   -0.58569399  -0.58348793  -0.58131236  -0.57916657
  -0.57704987  -0.5749616   -0.57290113  -0.57086786  -0.56886121
  -0.56688062  -0.56492555  -0.5629955   -0.56108996  -0.55920847
  -0.55735056  -0.55551579  -0.55370374  -0.55191399  -0.55014615
  -0.54839985  -0.5466747   -0.54497036  -0.54328648  -0.54162273
  -0.53997878  -0.53835433  -0.53674908  -0.53516272  -0.53359499
  -0.5320456   -0.53051429  -0.52900081  -0.5275049   -0.52602632
  -0.52456484  -0.52312023  -0.52169226  -0.52028073  -0.51888543
  -0.51750614  -0.51614267  -0.51479484  -0.51346245  -0.51214532
  -0.51084328  -0.50955615  -0.50828376  -0.50702596  -0.50578258
  -0.50455346  -0.50333847  -0.50213744  -0.50095024  -0.49977672
  -0.49861675  -0.49747019  -0.49633692  -0.49521681  -0.49410973
  -0.49301557  -0.4919342   -0.49086551  -0.48980939  -0.48876572
  -0.48773441  -0.48671533  -0.4857084   -0.48471351  -0.48373056
  -0.48275946  -0.4818001   -0.48085241  -0.47991629  -0.47899166
  -0.47807841  -0.47717649  -0.47628579  -0.47540624  -0.47453776
  -0.47368027  -0.47283371  -0.47199798  -0.47117303  -0.47035877
  -0.46955515  -0.46876209  -0.46797952  -0.46720739  -0.46644562
  -0.46569416  -0.46495294  -0.4642219   -0.46350099  -0.46279014
  -0.4620893   -0.46139841  -0.46071743  -0.46004629  -0.45938495
  -0.45873335  -0.45809145  -0.45745919  -0.45683653  -0.45622341
  -0.45561981  -0.45502566  -0.45444093  -0.45386557  -0.45329954
  -0.4527428   -0.45219531  -0.45165703  -0.45112792  -0.45060793
  -0.45009705  -0.44959522  -0.44910242  -0.4486186   -0.44814374
  -0.4476778   -0.44722075  -0.44677256  -0.44633319  -0.44590262
  -0.44548081  -0.44506774  -0.44466338  -0.4442677   -0.44388068
  -0.44350228  -0.44313249  -0.44277128  -0.44241862  -0.44207448
  -0.44173886  -0.44141172  -0.44109305  -0.44078281  -0.440481
  -0.44018759  -0.43990256  -0.4396259   -0.43935758  -0.43909759
  -0.43884591  -0.43860253  -0.43836742  -0.43814058  -0.43792198
  -0.43771162  -0.43750949  -0.43731556  -0.43712982  -0.43695227
  -0.43678289  -0.43662168  -0.43646861  -0.43632369  -0.4361869
  -0.43605823  -0.43593767  -0.43582523  -0.43572088  -0.43562463
  -0.43553646  -0.43545638  -0.43538443  -0.43532283  -0.43536454
  -0.43934113  -0.55489017  24.02908887  24.36235487]
[  0.58585833   1.15906762   1.16321243   1.16334034   1.16342913
   1.16354225   1.16368071   1.16384453   1.16403372   1.16424827
   1.16448821   1.16475353   1.16504424   1.16536035   1.16570186
   1.1660688    1.16646116   1.16687896   1.1673222    1.16779091
   1.1682851    1.16880477   1.16934995   1.16992064   1.17051687
   1.17113865   1.17178599   1.17245892   1.17315746   1.17388161
   1.17463141   1.17540687   1.17620802   1.17703488   1.17788746
   1.1787658    1.17966991   1.18059983   1.18155558   1.18253718
   1.18354466   1.18457806   1.18563739   1.18672269   1.18783398
   1.1889713    1.19013469   1.19132416   1.19253976   1.19378151
   1.19504946   1.19634363   1.19766407   1.1990108    1.20038387
   1.20178332   1.20320918   1.20466149   1.20614029   1.20764562
   1.20917752   1.21073605   1.21232123   1.21393311   1.21557175
   1.21723717   1.21892943   1.22064858   1.22239466   1.22416772
   1.22596781   1.22779498   1.22964928   1.23153076   1.23343947
   1.23537547   1.23733881   1.23932954   1.24134772   1.24339341
   1.24546666   1.24756752   1.24969607   1.25185235   1.25403643
   1.25624836   1.25848822   1.26075606   1.26305194   1.26537593
   1.26772809   1.2701085    1.27251721   1.2749543    1.27741983
   1.27991388   1.2824365    1.28498779   1.2875678    1.29017661
   1.29281429   1.29548093   1.29817659   1.30090135   1.3036553
   1.30643851   1.30925105   1.31209302   1.3149645    1.31786556
   1.32079629   1.32375679   1.32674712   1.3297674    1.33281769
   1.3358981    1.33900871   1.34214962   1.34532092   1.34852271
   1.35175508   1.35501813   1.35831197   1.36163668   1.36499238
   1.36837917   1.37179716   1.37524644   1.37872713   1.38223934
   1.38578319   1.38935877   1.39296622   1.39660564   1.40027715
   1.40398088   1.40771695   1.41148548   1.41528659   1.41912042
   1.4229871    1.42688676   1.43081953   1.43478556   1.43878497
   1.44281792   1.44688454   1.45098499   1.45511942   1.45928797
   1.4634908    1.46772808   1.47199996   1.4763066    1.48064818
   1.48502487   1.48943684   1.49388426   1.49836733   1.50288622
   1.50744113   1.51203225   1.51665978   1.52132392   1.52602488
   1.53076287   1.53553811   1.54035082   1.54520123   1.55008957
   1.55501608   1.55998101   1.5649846    1.57002713   1.57510885
   1.58023003   1.58539096   1.59059193   1.59583323   1.60111517
   1.60643806   1.61180224   1.61720802   1.62265577   1.62814583
   1.63367858   1.6392544    1.64487368   1.65053683   1.65624427
   1.66199645   1.66779382   1.67363685   1.67952604   1.6854619
   1.69144496   1.69747579   1.70355495   1.70968306   1.71586076
   1.7220887    1.7283676    1.73469817   1.7410812    1.74751749
   1.7540079    1.76055334   1.76715477   1.7738132    1.78052973
   1.78730549   1.79414174   1.80103979   1.80800107   1.8150271
   1.82211956   1.82928026   1.83651116   1.84381445   1.85119254
   1.85864812   1.86618421   1.87380426   1.8815123    1.88931317
   1.8972132    1.90522219   1.91335997   1.92167784   1.93032487
   1.93973184   1.95101827   1.96635273   1.98649905   1.99994887
   1.98753853   1.97413602   1.99043504   2.01923275   2.04500052
   2.06702892   2.08754427   2.10779726   2.12824528   2.14902429
   2.17016773   2.19168049   2.21356014   2.23580264   2.25840376
   2.28135952   2.30466625   2.32832066   2.35231981   2.37666109
   2.40134216   2.426361     2.45171581   2.47740502   2.50342727
   2.52978137   2.55646632   2.58348124   2.6108254    2.6384982
   2.66649913   2.69482781   2.72348392   2.75246724   2.78177764
   2.81141502   2.84137938   2.87167076   2.90228925   2.93323499
   2.96450816   2.99610898   3.0280377    3.06029461   3.09288003
   3.12579428   3.15903774   3.19261077   3.22651376   3.26074714
   3.29531133   3.33020674   3.36543384   3.40099305   3.43688485
   3.47310967   3.50966799   3.54656025   3.58378693   3.62134847
   3.65924533   3.69747795   3.73604679   3.77495228   3.81419484
   3.8537749    3.89369287   3.93394915   3.97454414   4.01547821
   4.05675173   4.09836505   4.14031851   4.18261243   4.22524713
   4.26822289   4.31153999   4.35519869   4.39919923   4.44354183
   4.48822669   4.53325399   4.5786239    4.62433656   4.67039207
   4.71679056   4.76353207   4.81061667   4.85804437   4.90581518
   4.95392907   5.002386     5.05118587   5.10032857   5.14981398
   5.19964192   5.2498122    5.30032457   5.35117877   5.40237451
   5.45391143   5.50578917   5.5580073    5.61056536   5.66346285
   5.71669922   5.77027386   5.82418612   5.87843529   5.93302061
   5.98794123   6.04319626   6.09878474   6.15470562   6.21095777
   6.26753997   6.32445093   6.38168923   6.43925336   6.49714168
   6.55535244   6.61388374   6.67273356   6.73189968   6.79137976
   6.85117125   6.91127139   6.97167725   7.03238563   7.09339312
   7.154696     7.21629029   7.27817172   7.34033564   7.40277708
   7.46549067   7.52847062   7.5917107    7.65520421   7.71894392
   7.78292206   7.84713028   7.91155958   7.97620029   8.04104202
   8.10607362   8.17128312   8.23665765   8.30218344   8.36784572
   8.43362867   8.49951535   8.56548765   8.63152622   8.69761036
   8.76371801   8.82982562   8.89590809   8.96193872   9.02788907
   9.09372892   9.15942617   9.22494676   9.29025456   9.35531132
   9.42007654   9.48450742   9.54855872   9.61218274   9.67532916
   9.73794501   9.79997455   9.86135921   9.9220375    9.98194494
  10.04101396  10.09917391  10.15635089  10.21246779  10.26744418
  10.3211963   10.37363702  10.42467581  10.4742187   10.52216834
  10.56842395  10.61288133  10.65543294  10.69596791  10.73437209
  10.77052814  10.8043156   10.83561099  10.86428796  10.89021736
  10.91326745  10.93330405  10.9501907   10.96378891  10.97395832
  10.98055701  10.98344172  10.98246812  10.97749111  10.96836517
  10.95494462  10.93708403  10.91463856  10.88746434  10.85541884
  10.81836133  10.77615326  10.72865871  10.67574483  10.61728229
  10.55314575  10.48321432  10.40737204  10.32550834  10.23751853
  10.14330428  10.04277408   9.93584371   9.82243671   9.70248482
   9.57592844   9.44271702   9.30280952   9.15617478   9.00279189
   8.84265055   8.67575138   8.50210627   8.32173859   8.13468349
   7.94098804   7.7407115    7.53392534   7.32071346   7.10117213
   6.87541009   6.64354846   6.40572062   6.16207212   5.91276031
   5.65795406   5.39783314   5.13258739   4.86241541   4.58752222
   4.30811507   4.02439479   3.73653613   3.44463286   3.1484398
   2.84478523   2.50562686   2.09579655   1.99309238   1.77636822
   1.35259744   1.02110842   0.70589041   0.3921575    0.07875105
  -0.23466314  -0.5483791   -0.86289976  -1.18223267  -1.54955181
  -1.96164028  -1.9820993   -2.30686835  -2.6895966   -3.00473324
  -3.30520849  -3.60083926  -3.89252343  -4.18026171  -4.46390329
  -4.74325166  -5.01809611  -5.28822448  -5.55342914  -5.81351002
  -6.0682764   -6.31754798  -6.56115555  -6.79894154  -7.03076026
  -7.25647821  -7.4759742   -7.68913946  -7.89587763  -8.09610482
  -8.28974949  -8.47675239  -8.6570664   -8.83065636  -8.99749889
  -9.15758207  -9.31090527  -9.45747877  -9.59732345  -9.73047046
  -9.85696084  -9.97684509 -10.09018282 -10.19704226 -10.29749985
 -10.39163979 -10.47955358 -10.56133954 -10.63710233 -10.7069525
 -10.77100599 -10.82938367 -10.88221088 -10.92961691 -10.97173459
 -11.00869984 -11.04065118 -11.06772932 -11.09007677 -11.10783738
 -11.12115598 -11.13017798 -11.13504902 -11.13591463 -11.13291987
 -11.12620906 -11.11592543 -11.10221091 -11.08520581 -11.06504861
 -11.04187576 -11.01582141 -10.9870173  -10.95559254 -10.92167348
 -10.88538357 -10.84684326 -10.80616987 -10.76347753 -10.7188771
 -10.67247612 -10.62437873 -10.57468573 -10.52349445 -10.47089883
 -10.41698939 -10.36185325 -10.30557417 -10.24823254 -10.18990548
 -10.13066685 -10.07058732 -10.00973442  -9.94817264  -9.88596344
  -9.82316539  -9.75983422  -9.69602289  -9.6317817   -9.56715836
  -9.50219808  -9.43694367  -9.37143562  -9.30571217  -9.23980944
  -9.17376148  -9.10760041  -9.04135642  -8.97505794  -8.9087317
  -8.84240277  -8.77609471  -8.70982957  -8.64362805  -8.5775095
  -8.51149204  -8.4455926   -8.379827    -8.31421002  -8.24875544
  -8.1834761   -8.118384    -8.0534903   -7.98880538  -7.92433893
  -7.86009993  -7.79609676  -7.7323372   -7.66882846  -7.60557729
  -7.5425899   -7.47987209  -7.41742925  -7.35526637  -7.29338809
  -7.2317987   -7.17050222  -7.10950234  -7.04880251  -6.98840593
  -6.92831557  -6.86853419  -6.80906434  -6.74990841  -6.69106862
  -6.632547    -6.57434549  -6.51646585  -6.45890973  -6.40167867
  -6.3447741   -6.28819734  -6.23194964  -6.17603214  -6.1204459
  -6.06519193  -6.01027114  -5.95568438  -5.90143245  -5.84751608
  -5.79393595  -5.74069269  -5.68778687  -5.63521902  -5.58298963
  -5.53109915  -5.47954797  -5.42833646  -5.37746496  -5.32693374
  -5.27674308  -5.2268932   -5.17738428  -5.1282165   -5.07939     -5.03090486
  -4.98276119  -4.93495901  -4.88749837  -4.84037925  -4.79360164
  -4.74716548  -4.70107071  -4.65531721  -4.60990489  -4.56483358
  -4.52010315  -4.47571339  -4.43166411  -4.38795508  -4.34458607
  -4.30155681  -4.25886703  -4.21651642  -4.17450469  -4.13283149
  -4.09149648  -4.05049931  -4.0098396   -3.96951696  -3.929531
  -3.88988129  -3.85056741  -3.81158892  -3.77294539  -3.73463635
  -3.69666133  -3.65901988  -3.6217115   -3.58473572  -3.54809203
  -3.51177996  -3.47579901  -3.44014867  -3.40482845  -3.36983786
  -3.3351764   -3.30084358  -3.26683891  -3.23316193  -3.19981215
  -3.16678913  -3.1340924   -3.10172156  -3.06967617  -3.03795584
  -3.0065602   -2.9754889   -2.94474161  -2.91431804  -2.88421792
  -2.85444104  -2.82498721  -2.79585628  -2.76704818  -2.73856287
  -2.71040036  -2.68256075  -2.6550442   -2.62785095  -2.60098132
  -2.57443575  -2.54821475  -2.52231897  -2.49674918  -2.47150629
  -2.44659137  -2.42200565  -2.39775056  -2.37382774  -2.35023907
  -2.32698667  -2.30407295  -2.28150064  -2.25927279  -2.23739282
  -2.21586451  -2.19469194  -2.17387931  -2.15343027  -2.13334529
  -2.11361176  -2.09416813  -2.07478873  -2.05478152  -2.03250995
  -2.00611321  -1.98059331  -1.97630346  -1.99490527  -1.99762228
  -1.98037514  -1.96282291  -1.95021126  -1.94067229  -1.932474
  -1.92482538  -1.91743111  -1.91018851  -1.90306103  -1.89603365
  -1.88909837  -1.88224972  -1.87548342  -1.86879583  -1.86218383
  -1.85564462  -1.84917573  -1.84277493  -1.83644018  -1.83016962
  -1.82396157  -1.81781445  -1.8117268   -1.80569728  -1.79972462
  -1.79380765  -1.78794527  -1.78213644  -1.77638017  -1.77067555
  -1.7650217   -1.75941779  -1.75386303  -1.74835668  -1.74289802
  -1.73748638  -1.7321211   -1.72680157  -1.72152719  -1.71629738
  -1.71111161  -1.70596935  -1.70087009  -1.69581335  -1.69079866
  -1.68582556  -1.68089363  -1.67600244  -1.67115158  -1.66634066
  -1.66156931  -1.65683715  -1.65214382  -1.64748898  -1.64287229
  -1.63829342  -1.63375207  -1.62924791  -1.62478066  -1.62035001
  -1.61595569  -1.61159741  -1.60727492  -1.60298793  -1.5987362
  -1.59451949  -1.59033753  -1.5861901   -1.58207695  -1.57799788
  -1.57395264  -1.56994102  -1.56596281  -1.5620178   -1.55810578
  -1.55422656  -1.55037993  -1.54656571  -1.5427837   -1.53903373
  -1.53531561  -1.53162915  -1.5279742   -1.52435056  -1.52075809
  -1.5171966   -1.51366594  -1.51016595  -1.50669646  -1.50325733
  -1.49984841  -1.49646954  -1.49312057  -1.48980137  -1.48651178
  -1.48325168  -1.48002091  -1.47681935  -1.47364686  -1.4705033
  -1.46738856  -1.46430249  -1.46124498  -1.4582159   -1.45521513
  -1.45224254  -1.44929802  -1.44638144  -1.44349271  -1.44063168
  -1.43779827  -1.43499235  -1.43221381  -1.42946256  -1.42673847
  -1.42404144  -1.42137138  -1.41872817  -1.41611172  -1.41352193
  -1.41095869  -1.40842191  -1.4059115   -1.40342735  -1.40096938
  -1.3985375   -1.3961316   -1.3937516   -1.39139741  -1.38906895
  -1.38676612  -1.38448885  -1.38223704  -1.38001061  -1.37780948
  -1.37563357  -1.37348279  -1.37135708  -1.36925634  -1.3671805
  -1.3651295   -1.36310324  -1.36110165  -1.35912467  -1.35717222
  -1.35524422  -1.35334062  -1.35146133  -1.34960628  -1.34777542
  -1.34596867  -1.34418597  -1.34242726  -1.34069246  -1.33898151
  -1.33729436  -1.33563093  -1.33399118  -1.33237503  -1.33078244
  -1.32921334  -1.32766767  -1.32614539  -1.32464642  -1.32317073
  -1.32171825  -1.32028893  -1.31888272  -1.31749956  -1.31613942
  -1.31480223  -1.31348796  -1.31219654  -1.31092793  -1.3096821
  -1.30845898  -1.30725855  -1.30608074  -1.30492552  -1.30379286
  -1.3026827   -1.301595    -1.30052973  -1.29948684  -1.29846631
  -1.29746808  -1.29649213  -1.29553841  -1.2946069   -1.29369756
  -1.29281036  -1.29194525  -1.29110222  -1.29028123  -1.28948225
  -1.28870525  -1.2879502   -1.28721707  -1.28650584  -1.28581649
  -1.28514897  -1.28450328  -1.28387939  -1.28327727  -1.2826969
  -1.28213826  -1.28160133  -1.28108609  -1.28059252  -1.28012061
  -1.27967033  -1.27924167  -1.27883461  -1.27844914  -1.27808524
  -1.2777429   -1.27742211  -1.27712285  -1.27684512  -1.2765889
  -1.27635419  -1.27614098  -1.2759494   -1.27578537  -1.27589643
  -1.28646223  -1.56856934  24.02923302  24.36249318]