[  4.02942187e-02   8.05902368e-02   8.05945730e-02   8.06009155e-02
   8.06097954e-02   8.06212133e-02   8.06351697e-02   8.06516654e-02
   8.06707012e-02   8.06922781e-02   8.07163973e-02   8.07430599e-02
   8.07722674e-02   8.08040212e-02   8.08383231e-02   8.08751747e-02
   8.09145780e-02   8.09565350e-02   8.10010479e-02   8.10481190e-02
   8.10977506e-02   8.11499454e-02   8.12047060e-02   8.12620353e-02
   8.13219362e-02   8.13844117e-02   8.14494650e-02   8.15170996e-02
   8.15873188e-02   8.16601262e-02   8.17355256e-02   8.18135208e-02
   8.18941157e-02   8.19773145e-02   8.20631214e-02   8.21515408e-02
   8.22425770e-02   8.23362348e-02   8.24325188e-02   8.25314340e-02
   8.26329853e-02   8.27371777e-02   8.28440166e-02   8.29535074e-02
   8.30656553e-02   8.31804662e-02   8.32979457e-02   8.34180997e-02
   8.35409341e-02   8.36664550e-02   8.37946687e-02   8.39255815e-02
   8.40591999e-02   8.41955304e-02   8.43345797e-02   8.44763548e-02
   8.46208624e-02   8.47681097e-02   8.49181038e-02   8.50708521e-02
   8.52263619e-02   8.53846408e-02   8.55456964e-02   8.57095365e-02
   8.58761690e-02   8.60456019e-02   8.62178432e-02   8.63929012e-02
   8.65707842e-02   8.67515007e-02   8.69350592e-02   8.71214683e-02
   8.73107370e-02   8.75028740e-02   8.76978883e-02   8.78957891e-02
   8.80965855e-02   8.83002870e-02   8.85069029e-02   8.87164427e-02
   8.89289161e-02   8.91443329e-02   8.93627028e-02   8.95840359e-02
   8.98083422e-02   9.00356319e-02   9.02659151e-02   9.04992023e-02
   9.07355039e-02   9.09748305e-02   9.12171928e-02   9.14626014e-02
   9.17110673e-02   9.19626013e-02   9.22172145e-02   9.24749181e-02
   9.27357232e-02   9.29996412e-02   9.32666835e-02   9.35368616e-02
   9.38101871e-02   9.40866716e-02   9.43663269e-02   9.46491649e-02
   9.49351974e-02   9.52244366e-02   9.55168946e-02   9.58125834e-02
   9.61115154e-02   9.64137029e-02   9.67191584e-02   9.70278944e-02
   9.73399234e-02   9.76552582e-02   9.79739114e-02   9.82958959e-02
   9.86212246e-02   9.89499104e-02   9.92819664e-02   9.96174056e-02
   9.99562413e-02   1.00298487e-01   1.00644155e-01   1.00993260e-01
   1.01345814e-01   1.01701832e-01   1.02061327e-01   1.02424312e-01
   1.02790802e-01   1.03160809e-01   1.03534348e-01   1.03911433e-01
   1.04292077e-01   1.04676295e-01   1.05064101e-01   1.05455508e-01
   1.05850531e-01   1.06249183e-01   1.06651480e-01   1.07057435e-01
   1.07467063e-01   1.07880379e-01   1.08297395e-01   1.08718128e-01
   1.09142591e-01   1.09570799e-01   1.10002767e-01   1.10438508e-01
   1.10878039e-01   1.11321373e-01   1.11768525e-01   1.12219510e-01
   1.12674343e-01   1.13133038e-01   1.13595611e-01   1.14062075e-01
   1.14532447e-01   1.15006740e-01   1.15484970e-01   1.15967152e-01
   1.16453301e-01   1.16943431e-01   1.17437558e-01   1.17935696e-01
   1.18437861e-01   1.18944068e-01   1.19454331e-01   1.19968666e-01
   1.20487088e-01   1.21009611e-01   1.21536252e-01   1.22067024e-01
   1.22601943e-01   1.23141024e-01   1.23684282e-01   1.24231733e-01
   1.24783390e-01   1.25339270e-01   1.25899387e-01   1.26463756e-01
   1.27032392e-01   1.27605310e-01   1.28182526e-01   1.28764054e-01
   1.29349909e-01   1.29940105e-01   1.30534659e-01   1.31133585e-01
   1.31736897e-01   1.32344611e-01   1.32956741e-01   1.33573302e-01
   1.34194309e-01   1.34819776e-01   1.35449718e-01   1.36084151e-01
   1.36723088e-01   1.37366544e-01   1.38014533e-01   1.38667071e-01
   1.39324171e-01   1.39985848e-01   1.40652116e-01   1.41322990e-01
   1.41998484e-01   1.42678612e-01   1.43363388e-01   1.44052827e-01
   1.44746942e-01   1.45445747e-01   1.46149257e-01   1.46857486e-01
   1.47570446e-01   1.48288152e-01   1.49010618e-01   1.49737858e-01
   1.50469884e-01   1.51206710e-01   1.51948350e-01   1.52694818e-01
   1.53446126e-01   1.54202288e-01   1.54963316e-01   1.55729225e-01
   1.56500027e-01   1.57275734e-01   1.58056360e-01   1.58841918e-01
   1.59632421e-01   1.60427880e-01   1.61228308e-01   1.62033719e-01
   1.62844123e-01   1.63659534e-01   1.64479964e-01   1.65305424e-01
   1.66135928e-01   1.66971486e-01   1.67812110e-01   1.68657813e-01
   1.69508606e-01   1.70364500e-01   1.71225507e-01   1.72091639e-01
   1.72962906e-01   1.73839319e-01   1.74720890e-01   1.75607630e-01
   1.76499550e-01   1.77396660e-01   1.78298970e-01   1.79206492e-01
   1.80119237e-01   1.81037213e-01   1.81960432e-01   1.82888904e-01
   1.83822638e-01   1.84761645e-01   1.85705934e-01   1.86655516e-01
   1.87610399e-01   1.88570593e-01   1.89536108e-01   1.90506953e-01
   1.91483137e-01   1.92464669e-01   1.93451558e-01   1.94443813e-01
   1.95441442e-01   1.96444455e-01   1.97452860e-01   1.98466664e-01
   1.99485877e-01   2.00510507e-01   2.01540562e-01   2.02576049e-01
   2.03616977e-01   2.04663353e-01   2.05715185e-01   2.06772480e-01
   2.07835247e-01   2.08903492e-01   2.09977222e-01   2.11056445e-01
   2.12141167e-01   2.13231396e-01   2.14327139e-01   2.15428401e-01
   2.16535190e-01   2.17647512e-01   2.18765374e-01   2.19888782e-01
   2.21017742e-01   2.22152260e-01   2.23292342e-01   2.24437995e-01
   2.25589223e-01   2.26746033e-01   2.27908431e-01   2.29076422e-01
   2.30250011e-01   2.31429204e-01   2.32614006e-01   2.33804422e-01
   2.35000458e-01   2.36202119e-01   2.37409409e-01   2.38622333e-01
   2.39840897e-01   2.41065105e-01   2.42294961e-01   2.43530470e-01
   2.44771637e-01   2.46018466e-01   2.47270961e-01   2.48529127e-01
   2.49792968e-01   2.51062487e-01   2.52337689e-01   2.53618578e-01
   2.54905156e-01   2.56197429e-01   2.57495400e-01   2.58799071e-01
   2.60108446e-01   2.61423529e-01   2.62744322e-01   2.64070828e-01
   2.65403049e-01   2.66740989e-01   2.68084649e-01   2.69434030e-01
   2.70789136e-01   2.72149967e-01   2.73516523e-01   2.74888806e-01
   2.76266815e-01   2.77650551e-01   2.79040011e-01   2.80435195e-01
   2.81836101e-01   2.83242724e-01   2.84655062e-01   2.86073109e-01
   2.87496860e-01   2.88926307e-01   2.90361442e-01   2.91802254e-01
   2.93248733e-01   2.94700865e-01   2.96158634e-01   2.97622023e-01
   2.99091012e-01   3.00565578e-01   3.02045694e-01   3.03531333e-01
   3.05022460e-01   3.06519040e-01   3.08021030e-01   3.09528385e-01
   3.11041053e-01   3.12558978e-01   3.14082094e-01   3.15610333e-01
   3.17143614e-01   3.18681852e-01   3.20224951e-01   3.21772806e-01
   3.23325299e-01   3.24882304e-01   3.26443679e-01   3.28009270e-01
   3.29578907e-01   3.31152406e-01   3.32729563e-01   3.34310158e-01
   3.35893948e-01   3.37480670e-01   3.39070037e-01   3.40661737e-01
   3.42255431e-01   3.43850752e-01   3.45447300e-01   3.47044644e-01
   3.48642316e-01   3.50239811e-01   3.51836583e-01   3.53432046e-01
   3.55025565e-01   3.56616459e-01   3.58203995e-01   3.59787386e-01
   3.61365788e-01   3.62938295e-01   3.64503941e-01   3.66061688e-01
   3.67610432e-01   3.69148992e-01   3.70676111e-01   3.72190449e-01
   3.73690584e-01   3.75175002e-01   3.76642099e-01   3.78090175e-01
   3.79517432e-01   3.80921965e-01   3.82301768e-01   3.83654721e-01
   3.84978593e-01   3.86271039e-01   3.87529592e-01   3.88751668e-01
   3.89934555e-01   3.91075421e-01   3.92171304e-01   3.93219116e-01
   3.94215638e-01   3.95157527e-01   3.96041308e-01   3.96863380e-01
   3.97620016e-01   3.98307367e-01   3.98921463e-01   3.99458216e-01
   3.99913428e-01   4.00282792e-01   4.00561904e-01   4.00746262e-01
   4.00831280e-01   4.00812296e-01   4.00684580e-01   4.00443342e-01
   4.00083749e-01   3.99600934e-01   3.98990006e-01   3.98246067e-01
   3.97364224e-01   3.96339604e-01   3.95167368e-01   3.93842726e-01
   3.92360952e-01   3.90717400e-01   3.88907518e-01   3.86926861e-01
   3.84771111e-01   3.82436085e-01   3.79917751e-01   3.77212241e-01
   3.74315864e-01   3.71225115e-01   3.67936686e-01   3.64447477e-01
   3.60754603e-01   3.56855402e-01   3.52747443e-01   3.48428529e-01
   3.43896705e-01   3.39150261e-01   3.34187735e-01   3.29007917e-01
   3.23609853e-01   3.17992845e-01   3.12156456e-01   3.06100510e-01
   2.99825096e-01   2.93330571e-01   2.86617563e-01   2.79686974e-01
   2.72539985e-01   2.65178062e-01   2.57602960e-01   2.49816729e-01
   2.41821725e-01   2.33620611e-01   2.25216373e-01   2.16612322e-01
   2.07812108e-01   1.98819724e-01   1.89639521e-01   1.80276211e-01
   1.70734876e-01   1.61020978e-01   1.51140357e-01   1.41099245e-01
   1.30904257e-01   1.20562396e-01   1.10081050e-01   9.94679813e-02
   8.87313200e-02   7.78795501e-02   6.69214927e-02   5.58662854e-02
   4.47233593e-02   3.35024111e-02   2.22133728e-02   1.08663786e-02
  -5.28271356e-04  -1.19601490e-02  -2.34187381e-02  -3.48934753e-02
  -4.63737910e-02  -5.78491512e-02  -6.93090974e-02  -8.07432864e-02
  -9.21415273e-02  -1.03493816e-01  -1.14790370e-01  -1.26021652e-01
  -1.37178402e-01  -1.48251654e-01  -1.59232758e-01  -1.70113389e-01
  -1.80885566e-01  -1.91541649e-01  -2.02074350e-01  -2.12476731e-01
  -2.22742200e-01  -2.32864509e-01  -2.42837743e-01  -2.52656314e-01
  -2.62314948e-01  -2.71808679e-01  -2.81132828e-01  -2.90282998e-01
  -2.99255059e-01  -3.08045135e-01  -3.16649592e-01  -3.25065030e-01
  -3.33288272e-01  -3.41316353e-01  -3.49146517e-01  -3.56776207e-01
  -3.64203066e-01  -3.71424930e-01  -3.78439826e-01  -3.85245979e-01
  -3.91841806e-01  -3.98225926e-01  -4.04397158e-01  -4.10354533e-01
  -4.16097296e-01  -4.21624913e-01  -4.26937082e-01  -4.32033738e-01
  -4.36915063e-01  -4.41581488e-01  -4.46033709e-01  -4.50272684e-01
  -4.54299644e-01  -4.58116097e-01  -4.61723827e-01  -4.65124896e-01
  -4.68321645e-01  -4.71316692e-01  -4.74112921e-01  -4.76713485e-01
  -4.79121791e-01  -4.81341489e-01  -4.83376466e-01  -4.85230825e-01
  -4.86908873e-01  -4.88415107e-01  -4.89754188e-01  -4.90930933e-01
  -4.91950284e-01  -4.92817297e-01  -4.93537116e-01  -4.94114956e-01
  -4.94556081e-01  -4.94865785e-01  -4.95049370e-01  -4.95112133e-01
  -4.95059344e-01  -4.94896230e-01  -4.94627960e-01  -4.94259632e-01
  -4.93796256e-01  -4.93242747e-01  -4.92603912e-01  -4.91884438e-01
  -4.91088890e-01  -4.90221697e-01  -4.89287154e-01  -4.88289411e-01
  -4.87232471e-01  -4.86120192e-01  -4.84956277e-01  -4.83744284e-01
  -4.82487614e-01  -4.81189522e-01  -4.79853114e-01  -4.78481347e-01
  -4.77077037e-01  -4.75642855e-01  -4.74181338e-01  -4.72694886e-01
  -4.71185769e-01  -4.69656130e-01  -4.68107991e-01  -4.66543256e-01
  -4.64963715e-01  -4.63371050e-01  -4.61766838e-01  -4.60152556e-01
  -4.58529588e-01  -4.56899225e-01  -4.55262672e-01  -4.53621053e-01
  -4.51975414e-01  -4.50326728e-01  -4.48675897e-01  -4.47023759e-01
  -4.45371088e-01  -4.43718601e-01  -4.42066962e-01  -4.40416780e-01
  -4.38768618e-01  -4.37122993e-01  -4.35480380e-01  -4.33841215e-01
  -4.32205896e-01  -4.30574788e-01  -4.28948224e-01  -4.27326505e-01
  -4.25709907e-01  -4.24098680e-01  -4.22493049e-01  -4.20893219e-01
  -4.19299372e-01  -4.17711675e-01  -4.16130275e-01  -4.14555304e-01
  -4.12986879e-01  -4.11425105e-01  -4.09870073e-01  -4.08321863e-01
  -4.06780547e-01  -4.05246184e-01  -4.03718828e-01  -4.02198522e-01
  -4.00685304e-01  -3.99179206e-01  -3.97680252e-01  -3.96188462e-01
  -3.94703851e-01  -3.93226431e-01  -3.91756208e-01  -3.90293185e-01
  -3.88837363e-01  -3.87388740e-01  -3.85947310e-01  -3.84513066e-01
  -3.83086000e-01  -3.81666099e-01  -3.80253353e-01  -3.78847747e-01
  -3.77449266e-01  -3.76057894e-01  -3.74673615e-01  -3.73296410e-01
  -3.71926261e-01  -3.70563150e-01  -3.69207056e-01  -3.67857961e-01
  -3.66515844e-01  -3.65180684e-01  -3.63852462e-01  -3.62531156e-01
  -3.61216745e-01  -3.59909209e-01  -3.58608527e-01  -3.57314677e-01
  -3.56027639e-01  -3.54747392e-01  -3.53473914e-01  -3.52207186e-01
  -3.50947185e-01  -3.49693892e-01  -3.48447286e-01  -3.47207346e-01
  -3.45974052e-01  -3.44747384e-01  -3.43527322e-01  -3.42313845e-01
  -3.41106934e-01  -3.39906569e-01  -3.38712731e-01  -3.37525399e-01
  -3.36344554e-01  -3.35170177e-01  -3.34002250e-01  -3.32840752e-01
  -3.31685665e-01  -3.30536969e-01  -3.29394647e-01  -3.28258680e-01
  -3.27129048e-01  -3.26005734e-01  -3.24888719e-01  -3.23777985e-01
  -3.22673513e-01  -3.21575285e-01  -3.20483284e-01  -3.19397491e-01
  -3.18317888e-01  -3.17244458e-01  -3.16177182e-01  -3.15116043e-01
  -3.14061022e-01  -3.13012103e-01  -3.11969268e-01  -3.10932499e-01
  -3.09901777e-01  -3.08877087e-01  -3.07858410e-01  -3.06845729e-01
  -3.05839026e-01  -3.04838284e-01  -3.03843485e-01  -3.02854613e-01
  -3.01871648e-01  -3.00894575e-01  -2.99923376e-01  -2.98958033e-01
  -2.97998529e-01  -2.97044846e-01  -2.96096967e-01  -2.95154875e-01
  -2.94218553e-01  -2.93287982e-01  -2.92363145e-01  -2.91444026e-01
  -2.90530606e-01  -2.89622867e-01  -2.88720794e-01  -2.87824367e-01
  -2.86933570e-01  -2.86048385e-01  -2.85168794e-01  -2.84294779e-01
  -2.83426324e-01  -2.82563410e-01  -2.81706020e-01  -2.80854136e-01
  -2.80007741e-01  -2.79166815e-01  -2.78331343e-01  -2.77501305e-01
  -2.76676685e-01  -2.75857463e-01  -2.75043623e-01  -2.74235146e-01
  -2.73432014e-01  -2.72634210e-01  -2.71841715e-01  -2.71054511e-01
  -2.70272579e-01  -2.69495903e-01  -2.68724463e-01  -2.67958242e-01
  -2.67197220e-01  -2.66441380e-01  -2.65690704e-01  -2.64945173e-01
  -2.64204769e-01  -2.63469472e-01  -2.62739266e-01  -2.62014130e-01
  -2.61294047e-01  -2.60578999e-01  -2.59868965e-01  -2.59163929e-01
  -2.58463870e-01  -2.57768771e-01  -2.57078613e-01  -2.56393376e-01
  -2.55713042e-01  -2.55037593e-01  -2.54367009e-01  -2.53701271e-01
  -2.53040361e-01  -2.52384259e-01  -2.51732946e-01  -2.51086404e-01
  -2.50444614e-01  -2.49807556e-01  -2.49175211e-01  -2.48547560e-01
  -2.47924585e-01  -2.47306265e-01  -2.46692582e-01  -2.46083516e-01
  -2.45479048e-01  -2.44879160e-01  -2.44283831e-01  -2.43693042e-01
  -2.43106775e-01  -2.42525010e-01  -2.41947727e-01  -2.41374907e-01
  -2.40806531e-01  -2.40242580e-01  -2.39683033e-01  -2.39127873e-01
  -2.38577078e-01  -2.38030631e-01  -2.37488511e-01  -2.36950699e-01
  -2.36417176e-01  -2.35887923e-01  -2.35362919e-01  -2.34842146e-01
  -2.34325584e-01  -2.33813214e-01  -2.33305016e-01  -2.32800971e-01
  -2.32301059e-01  -2.31805262e-01  -2.31313559e-01  -2.30825932e-01
  -2.30342361e-01  -2.29862827e-01  -2.29387310e-01  -2.28915791e-01
  -2.28448251e-01  -2.27984671e-01  -2.27525031e-01  -2.27069312e-01
  -2.26617495e-01  -2.26169560e-01  -2.25725490e-01  -2.25285263e-01
  -2.24848862e-01  -2.24416267e-01  -2.23987459e-01  -2.23562419e-01
  -2.23141128e-01  -2.22723567e-01  -2.22309718e-01  -2.21899561e-01
  -2.21493077e-01  -2.21090248e-01  -2.20691055e-01  -2.20295479e-01
  -2.19903502e-01  -2.19515104e-01  -2.19130267e-01  -2.18748973e-01
  -2.18371203e-01  -2.17996939e-01  -2.17626162e-01  -2.17258854e-01
  -2.16894997e-01  -2.16534571e-01  -2.16177560e-01  -2.15823945e-01
  -2.15473708e-01  -2.15126830e-01  -2.14783295e-01  -2.14443083e-01
  -2.14106178e-01  -2.13772561e-01  -2.13442214e-01  -2.13115120e-01
  -2.12791262e-01  -2.12470622e-01  -2.12153182e-01  -2.11838925e-01
  -2.11527834e-01  -2.11219891e-01  -2.10915080e-01  -2.10613383e-01
  -2.10314783e-01  -2.10019263e-01  -2.09726807e-01  -2.09437398e-01
  -2.09151019e-01  -2.08867653e-01  -2.08587284e-01  -2.08309895e-01
  -2.08035471e-01  -2.07763995e-01  -2.07495450e-01  -2.07229821e-01
  -2.06967091e-01  -2.06707246e-01  -2.06450268e-01  -2.06196142e-01
  -2.05944853e-01  -2.05696385e-01  -2.05450723e-01  -2.05207851e-01
  -2.04967754e-01  -2.04730417e-01  -2.04495825e-01  -2.04263963e-01
  -2.04034816e-01  -2.03808369e-01  -2.03584608e-01  -2.03363519e-01
  -2.03145086e-01  -2.02929297e-01  -2.02716135e-01  -2.02505588e-01
  -2.02297641e-01  -2.02092281e-01  -2.01889494e-01  -2.01689265e-01
  -2.01491583e-01  -2.01296432e-01  -2.01103801e-01  -2.00913675e-01
  -2.00726042e-01  -2.00540889e-01  -2.00358203e-01  -2.00177971e-01
  -2.00000180e-01  -1.99824819e-01  -1.99651875e-01  -1.99481336e-01
  -1.99313189e-01  -1.99147423e-01  -1.98984026e-01  -1.98822986e-01
  -1.98664292e-01  -1.98507932e-01  -1.98353894e-01  -1.98202168e-01
  -1.98052743e-01  -1.97905607e-01  -1.97760751e-01  -1.97618162e-01
  -1.97477831e-01  -1.97339747e-01  -1.97203900e-01  -1.97070280e-01
  -1.96938877e-01  -1.96809681e-01  -1.96682682e-01  -1.96557870e-01
  -1.96435237e-01  -1.96314773e-01  -1.96196468e-01  -1.96080314e-01
  -1.95966302e-01  -1.95854423e-01  -1.95744668e-01  -1.95637029e-01
  -1.95531498e-01  -1.95428066e-01  -1.95326726e-01  -1.95227469e-01
  -1.95130287e-01  -1.95035174e-01  -1.94942122e-01  -1.94851123e-01
  -1.94762170e-01  -1.94675256e-01  -1.94590374e-01  -1.94507518e-01
  -1.94426681e-01  -1.94347856e-01  -1.94271037e-01  -1.94196218e-01
  -1.94123394e-01  -1.94052557e-01  -1.93983703e-01  -1.93916826e-01
  -1.93851921e-01  -1.93788982e-01  -1.93728004e-01  -1.93668982e-01
  -1.93611912e-01  -1.93556789e-01  -1.93503608e-01  -1.93452365e-01
  -1.93403055e-01  -1.93355676e-01  -1.93310222e-01  -1.93266691e-01
  -1.93225078e-01  -1.93185381e-01  -1.93147595e-01  -1.93111719e-01
  -1.93077748e-01  -1.93045680e-01  -1.93015513e-01  -1.92987244e-01
  -1.92960870e-01  -1.92936390e-01  -1.92913801e-01  -1.92893102e-01
  -1.92874290e-01  -1.92857365e-01  -1.92842325e-01  -1.92829228e-01
  -1.92882131e-01  -2.41184526e-01   2.45663556e+01   2.47110696e+01]
[  1.20882444e-01   2.41763912e-01   2.41776919e-01   2.41795943e-01
   2.41822579e-01   2.41856828e-01   2.41898691e-01   2.41948172e-01
   2.42005271e-01   2.42069993e-01   2.42142340e-01   2.42222316e-01
   2.42309926e-01   2.42405174e-01   2.42508065e-01   2.42618604e-01
   2.42736797e-01   2.42862650e-01   2.42996170e-01   2.43137363e-01
   2.43286236e-01   2.43442798e-01   2.43607056e-01   2.43779019e-01
   2.43958696e-01   2.44146095e-01   2.44341226e-01   2.44544100e-01
   2.44754727e-01   2.44973117e-01   2.45199281e-01   2.45433232e-01
   2.45674980e-01   2.45924539e-01   2.46181921e-01   2.46447139e-01
   2.46720206e-01   2.47001137e-01   2.47289944e-01   2.47586644e-01
   2.47891251e-01   2.48203779e-01   2.48524246e-01   2.48852666e-01
   2.49189057e-01   2.49533435e-01   2.49885817e-01   2.50246221e-01
   2.50614664e-01   2.50991166e-01   2.51375744e-01   2.51768418e-01
   2.52169206e-01   2.52578130e-01   2.52995208e-01   2.53420461e-01
   2.53853910e-01   2.54295576e-01   2.54745480e-01   2.55203646e-01
   2.55670093e-01   2.56144846e-01   2.56627927e-01   2.57119359e-01
   2.57619167e-01   2.58127373e-01   2.58644002e-01   2.59169079e-01
   2.59702628e-01   2.60244676e-01   2.60795247e-01   2.61354367e-01
   2.61922064e-01   2.62498363e-01   2.63083291e-01   2.63676876e-01
   2.64279145e-01   2.64890126e-01   2.65509847e-01   2.66138337e-01
   2.66775625e-01   2.67421740e-01   2.68076712e-01   2.68740569e-01
   2.69413343e-01   2.70095063e-01   2.70785761e-01   2.71485467e-01
   2.72194212e-01   2.72912029e-01   2.73638949e-01   2.74375004e-01
   2.75120227e-01   2.75874650e-01   2.76638306e-01   2.77411230e-01
   2.78193453e-01   2.78985011e-01   2.79785937e-01   2.80596266e-01
   2.81416032e-01   2.82245270e-01   2.83084016e-01   2.83932304e-01
   2.84790171e-01   2.85657652e-01   2.86534784e-01   2.87421603e-01
   2.88318145e-01   2.89224448e-01   2.90140549e-01   2.91066485e-01
   2.92002294e-01   2.92948014e-01   2.93903682e-01   2.94869337e-01
   2.95845017e-01   2.96830761e-01   2.97826609e-01   2.98832598e-01
   2.99848770e-01   3.00875162e-01   3.01911815e-01   3.02958768e-01
   3.04016063e-01   3.05083738e-01   3.06161835e-01   3.07250394e-01
   3.08349457e-01   3.09459063e-01   3.10579255e-01   3.11710073e-01
   3.12851559e-01   3.14003754e-01   3.15166702e-01   3.16340442e-01
   3.17525019e-01   3.18720473e-01   3.19926847e-01   3.21144183e-01
   3.22372525e-01   3.23611915e-01   3.24862396e-01   3.26124011e-01
   3.27396803e-01   3.28680815e-01   3.29976090e-01   3.31282673e-01
   3.32600605e-01   3.33929932e-01   3.35270697e-01   3.36622943e-01
   3.37986714e-01   3.39362054e-01   3.40749008e-01   3.42147619e-01
   3.43557931e-01   3.44979988e-01   3.46413835e-01   3.47859517e-01
   3.49317076e-01   3.50786558e-01   3.52268007e-01   3.53761466e-01
   3.55266982e-01   3.56784598e-01   3.58314358e-01   3.59856307e-01
   3.61410489e-01   3.62976950e-01   3.64555732e-01   3.66146881e-01
   3.67750441e-01   3.69366456e-01   3.70994971e-01   3.72636030e-01
   3.74289677e-01   3.75955957e-01   3.77634913e-01   3.79326590e-01
   3.81031032e-01   3.82748283e-01   3.84478386e-01   3.86221386e-01
   3.87977326e-01   3.89746250e-01   3.91528201e-01   3.93323224e-01
   3.95131361e-01   3.96952656e-01   3.98787152e-01   4.00634891e-01
   4.02495918e-01   4.04370274e-01   4.06258002e-01   4.08159145e-01
   4.10073745e-01   4.12001844e-01   4.13943485e-01   4.15898710e-01
   4.17867559e-01   4.19850075e-01   4.21846299e-01   4.23856272e-01
   4.25880035e-01   4.27917629e-01   4.29969094e-01   4.32034472e-01
   4.34113802e-01   4.36207123e-01   4.38314477e-01   4.40435902e-01
   4.42571437e-01   4.44721122e-01   4.46884996e-01   4.49063096e-01
   4.51255461e-01   4.53462130e-01   4.55683140e-01   4.57918527e-01
   4.60168331e-01   4.62432587e-01   4.64711331e-01   4.67004601e-01
   4.69312433e-01   4.71634861e-01   4.73971921e-01   4.76323649e-01
   4.78690079e-01   4.81071245e-01   4.83467182e-01   4.85877923e-01
   4.88303501e-01   4.90743950e-01   4.93199302e-01   4.95669589e-01
   4.98154844e-01   5.00655097e-01   5.03170380e-01   5.05700724e-01
   5.08246158e-01   5.10806713e-01   5.13382419e-01   5.15973304e-01
   5.18579398e-01   5.21200728e-01   5.23837322e-01   5.26489208e-01
   5.29156413e-01   5.31838962e-01   5.34536883e-01   5.37250202e-01
   5.39978942e-01   5.42723128e-01   5.45482786e-01   5.48257939e-01
   5.51048609e-01   5.53854821e-01   5.56676595e-01   5.59513954e-01
   5.62366919e-01   5.65235512e-01   5.68119751e-01   5.71019657e-01
   5.73935249e-01   5.76866546e-01   5.79813566e-01   5.82776326e-01
   5.85754844e-01   5.88749137e-01   5.91759219e-01   5.94785107e-01
   5.97826815e-01   6.00884358e-01   6.03957749e-01   6.07047002e-01
   6.10152128e-01   6.13273141e-01   6.16410051e-01   6.19562870e-01
   6.22731606e-01   6.25916271e-01   6.29116872e-01   6.32333419e-01
   6.35565919e-01   6.38814379e-01   6.42078805e-01   6.45359204e-01
   6.48655581e-01   6.51967940e-01   6.55296285e-01   6.58640620e-01
   6.62000947e-01   6.65377268e-01   6.68769585e-01   6.72177898e-01
   6.75602206e-01   6.79042511e-01   6.82498809e-01   6.85971100e-01
   6.89459380e-01   6.92963646e-01   6.96483893e-01   7.00020117e-01
   7.03572313e-01   7.07140474e-01   7.10724593e-01   7.14324662e-01
   7.17940673e-01   7.21572616e-01   7.25220483e-01   7.28884261e-01
   7.32563939e-01   7.36259505e-01   7.39970946e-01   7.43698248e-01
   7.47441395e-01   7.51200373e-01   7.54975165e-01   7.58765753e-01
   7.62572118e-01   7.66394242e-01   7.70232103e-01   7.74085681e-01
   7.77954954e-01   7.81839896e-01   7.85740484e-01   7.89656692e-01
   7.93588491e-01   7.97535855e-01   8.01498751e-01   8.05477150e-01
   8.09471016e-01   8.13480316e-01   8.17505013e-01   8.21545067e-01
   8.25600437e-01   8.29671081e-01   8.33756952e-01   8.37858002e-01
   8.41974180e-01   8.46105430e-01   8.50251694e-01   8.54412912e-01
   8.58589017e-01   8.62779938e-01   8.66985602e-01   8.71205926e-01
   8.75440826e-01   8.79690208e-01   8.83953974e-01   8.88232017e-01
   8.92524221e-01   8.96830463e-01   9.01150610e-01   9.05484517e-01
   9.09832028e-01   9.14192975e-01   9.18567176e-01   9.22954433e-01
   9.27354533e-01   9.31767244e-01   9.36192316e-01   9.40629478e-01
   9.45078434e-01   9.49538865e-01   9.54010425e-01   9.58492740e-01
   9.62985402e-01   9.67487971e-01   9.71999970e-01   9.76520881e-01
   9.81050146e-01   9.85587158e-01   9.90131263e-01   9.94681751e-01
   9.99237858e-01   1.00379876e+00   1.00836355e+00   1.01293129e+00
   1.01750092e+00   1.02207133e+00   1.02664131e+00   1.03120958e+00
   1.03577473e+00   1.04033528e+00   1.04488961e+00   1.04943600e+00
   1.05397261e+00   1.05849747e+00   1.06300845e+00   1.06750330e+00
   1.07197962e+00   1.07643482e+00   1.08086616e+00   1.08527072e+00
   1.08964540e+00   1.09398690e+00   1.09829170e+00   1.10255609e+00
   1.10677612e+00   1.11094763e+00   1.11506621e+00   1.11912719e+00
   1.12312566e+00   1.12705644e+00   1.13091406e+00   1.13469279e+00
   1.13838660e+00   1.14198915e+00   1.14549381e+00   1.14889364e+00
   1.15218137e+00   1.15534941e+00   1.15838984e+00   1.16129440e+00
   1.16405452e+00   1.16666127e+00   1.16910537e+00   1.17137722e+00
   1.17346687e+00   1.17536403e+00   1.17705807e+00   1.17853804e+00
   1.17979265e+00   1.18081031e+00   1.18157909e+00   1.18208678e+00
   1.18232088e+00   1.18226861e+00   1.18191693e+00   1.18125254e+00
   1.18026195e+00   1.17893144e+00   1.17724710e+00   1.17519488e+00
   1.17276058e+00   1.16992991e+00   1.16668849e+00   1.16302191e+00
   1.15891573e+00   1.15435554e+00   1.14932699e+00   1.14381583e+00
   1.13780793e+00   1.13128937e+00   1.12424642e+00   1.11666562e+00
   1.10853381e+00   1.09983820e+00   1.09056639e+00   1.08070642e+00
   1.07024683e+00   1.05917670e+00   1.04748569e+00   1.03516410e+00
   1.02220292e+00   1.00859386e+00   9.94329425e-01   9.79402915e-01
   9.63808514e-01   9.47541312e-01   9.30597348e-01   9.12973653e-01
   8.94668284e-01   8.75680363e-01   8.56010108e-01   8.35658863e-01
   8.14629127e-01   7.92924576e-01   7.70550089e-01   7.47511762e-01
   7.23816921e-01   6.99474138e-01   6.74493235e-01   6.48885287e-01
   6.22662619e-01   5.95838805e-01   5.68428658e-01   5.40448213e-01
   5.11914713e-01   4.82846586e-01   4.53263418e-01   4.23185925e-01
   3.92635916e-01   3.61636257e-01   3.30210826e-01   2.98384472e-01
   2.66182960e-01   2.33632921e-01   2.00761794e-01   1.67597768e-01
   1.34169720e-01   1.00507149e-01   6.66401075e-02   3.25991354e-02
  -1.58481407e-03  -3.58804465e-02  -7.02562003e-02  -1.04680322e-01
  -1.39120944e-01  -1.73546158e-01  -2.07924094e-01  -2.42222996e-01
  -2.76411300e-01  -3.10457705e-01  -3.44331255e-01  -3.78001402e-01
  -4.11438088e-01  -4.44611805e-01  -4.77493670e-01  -5.10055487e-01
  -5.42269809e-01  -5.74110000e-01  -6.05550286e-01  -6.36565817e-01
  -6.67132708e-01  -6.97228091e-01  -7.26830154e-01  -7.55918181e-01
  -7.84472587e-01  -8.12474946e-01  -8.39908019e-01  -8.66755774e-01
  -8.93003408e-01  -9.18637354e-01  -9.43645297e-01  -9.68016173e-01
  -9.91740174e-01  -1.01480875e+00  -1.03721457e+00  -1.05895159e+00
  -1.08001492e+00  -1.10040092e+00  -1.12010712e+00  -1.13913220e+00
  -1.15747595e+00  -1.17513930e+00  -1.19212421e+00  -1.20843369e+00
  -1.22407172e+00  -1.23904325e+00  -1.25335414e+00  -1.26701111e+00
  -1.28002170e+00  -1.29239423e+00  -1.30413776e+00  -1.31526203e+00
  -1.32577740e+00  -1.33569484e+00  -1.34502584e+00  -1.35378240e+00
  -1.36197696e+00  -1.36962235e+00  -1.37673176e+00  -1.38331867e+00
  -1.38939685e+00  -1.39498026e+00  -1.40008305e+00  -1.40471951e+00
  -1.40890400e+00  -1.41265096e+00  -1.41597485e+00  -1.41889011e+00
  -1.42141112e+00  -1.42355222e+00  -1.42532759e+00  -1.42675133e+00
  -1.42783733e+00  -1.42859933e+00  -1.42905085e+00  -1.42920519e+00
  -1.42907538e+00  -1.42867422e+00  -1.42801422e+00  -1.42710759e+00
  -1.42596625e+00  -1.42460180e+00  -1.42302553e+00  -1.42124840e+00
  -1.41928102e+00  -1.41713369e+00  -1.41481635e+00  -1.41233861e+00
  -1.40970972e+00  -1.40693861e+00  -1.40403387e+00  -1.40100373e+00
  -1.39785611e+00  -1.39459858e+00  -1.39123841e+00  -1.38778253e+00
  -1.38423757e+00  -1.38060984e+00  -1.37690536e+00  -1.37312987e+00
  -1.36928880e+00  -1.36538734e+00  -1.36143038e+00  -1.35742257e+00
  -1.35336831e+00  -1.34927175e+00  -1.34513682e+00  -1.34096724e+00
  -1.33676648e+00  -1.33253783e+00  -1.32828439e+00  -1.32400907e+00
  -1.31971458e+00  -1.31540349e+00  -1.31107820e+00  -1.30674094e+00
  -1.30239382e+00  -1.29803879e+00  -1.29367768e+00  -1.28931220e+00
  -1.28494394e+00  -1.28057437e+00  -1.27620488e+00  -1.27183674e+00
  -1.26747114e+00  -1.26310918e+00  -1.25875188e+00  -1.25440020e+00
  -1.25005499e+00  -1.24571709e+00  -1.24138723e+00  -1.23706610e+00
  -1.23275435e+00  -1.22845256e+00  -1.22416128e+00  -1.21988100e+00
  -1.21561220e+00  -1.21135528e+00  -1.20711065e+00  -1.20287865e+00
  -1.19865963e+00  -1.19445388e+00  -1.19026167e+00  -1.18608328e+00
  -1.18191892e+00  -1.17776882e+00  -1.17363317e+00  -1.16951216e+00
  -1.16540594e+00  -1.16131467e+00  -1.15723850e+00  -1.15317754e+00
  -1.14913193e+00  -1.14510175e+00  -1.14108712e+00  -1.13708812e+00
  -1.13310485e+00  -1.12913736e+00  -1.12518574e+00  -1.12125005e+00
  -1.11733035e+00  -1.11342669e+00  -1.10953912e+00  -1.10566769e+00
  -1.10181245e+00  -1.09797342e+00  -1.09415065e+00  -1.09034418e+00
  -1.08655402e+00  -1.08278021e+00  -1.07902278e+00  -1.07528174e+00
  -1.07155713e+00  -1.06784895e+00  -1.06415723e+00  -1.06048199e+00
  -1.05682323e+00  -1.05318098e+00  -1.04955525e+00  -1.04594604e+00
  -1.04235337e+00  -1.03877725e+00  -1.03521768e+00  -1.03167467e+00
  -1.02814822e+00  -1.02463835e+00  -1.02114505e+00  -1.01766834e+00
  -1.01420820e+00  -1.01076464e+00  -1.00733767e+00  -1.00392727e+00
  -1.00053346e+00  -9.97156227e-01  -9.93795571e-01  -9.90451487e-01
  -9.87123972e-01  -9.83813022e-01  -9.80518630e-01  -9.77240791e-01
  -9.73979497e-01  -9.70734742e-01  -9.67506516e-01  -9.64294811e-01
  -9.61099618e-01  -9.57920925e-01  -9.54758723e-01  -9.51613000e-01
  -9.48483743e-01  -9.45370940e-01  -9.42274577e-01  -9.39194640e-01
  -9.36131115e-01  -9.33083986e-01  -9.30053238e-01  -9.27038853e-01
  -9.24040814e-01  -9.21059105e-01  -9.18093705e-01  -9.15144598e-01
  -9.12211762e-01  -9.09295178e-01  -9.06394825e-01  -9.03510682e-01
  -9.00642727e-01  -8.97790938e-01  -8.94955291e-01  -8.92135763e-01
  -8.89332330e-01  -8.86544968e-01  -8.83773650e-01  -8.81018351e-01
  -8.78279046e-01  -8.75555706e-01  -8.72848305e-01  -8.70156815e-01
  -8.67481207e-01  -8.64821453e-01  -8.62177523e-01  -8.59549387e-01
  -8.56937014e-01  -8.54340374e-01  -8.51759436e-01  -8.49194166e-01
  -8.46644533e-01  -8.44110505e-01  -8.41592046e-01  -8.39089125e-01
  -8.36601705e-01  -8.34129753e-01  -8.31673234e-01  -8.29232111e-01
  -8.26806349e-01  -8.24395911e-01  -8.22000759e-01  -8.19620857e-01
  -8.17256167e-01  -8.14906650e-01  -8.12572267e-01  -8.10252981e-01
  -8.07948750e-01  -8.05659535e-01  -8.03385296e-01  -8.01125993e-01
  -7.98881583e-01  -7.96652026e-01  -7.94437280e-01  -7.92237303e-01
  -7.90052051e-01  -7.87881483e-01  -7.85725555e-01  -7.83584223e-01
  -7.81457443e-01  -7.79345171e-01  -7.77247363e-01  -7.75163974e-01
  -7.73094958e-01  -7.71040269e-01  -7.68999863e-01  -7.66973692e-01
  -7.64961711e-01  -7.62963872e-01  -7.60980129e-01  -7.59010434e-01
  -7.57054740e-01  -7.55112999e-01  -7.53185162e-01  -7.51271182e-01
  -7.49371009e-01  -7.47484596e-01  -7.45611892e-01  -7.43752849e-01
  -7.41907416e-01  -7.40075545e-01  -7.38257185e-01  -7.36452286e-01
  -7.34660797e-01  -7.32882669e-01  -7.31117849e-01  -7.29366288e-01
  -7.27627933e-01  -7.25902735e-01  -7.24190640e-01  -7.22491598e-01
  -7.20805557e-01  -7.19132464e-01  -7.17472268e-01  -7.15824915e-01
  -7.14190355e-01  -7.12568534e-01  -7.10959399e-01  -7.09362898e-01
  -7.07778978e-01  -7.06207586e-01  -7.04648668e-01  -7.03102172e-01
  -7.01568044e-01  -7.00046230e-01  -6.98536678e-01  -6.97039333e-01
  -6.95554143e-01  -6.94081053e-01  -6.92620009e-01  -6.91170958e-01
  -6.89733846e-01  -6.88308619e-01  -6.86895223e-01  -6.85493604e-01
  -6.84103708e-01  -6.82725481e-01  -6.81358869e-01  -6.80003818e-01
  -6.78660273e-01  -6.77328182e-01  -6.76007489e-01  -6.74698141e-01
  -6.73400083e-01  -6.72113263e-01  -6.70837624e-01  -6.69573115e-01
  -6.68319680e-01  -6.67077266e-01  -6.65845819e-01  -6.64625285e-01
  -6.63415611e-01  -6.62216742e-01  -6.61028626e-01  -6.59851209e-01
  -6.58684436e-01  -6.57528255e-01  -6.56382613e-01  -6.55247456e-01
  -6.54122732e-01  -6.53008386e-01  -6.51904367e-01  -6.50810621e-01
  -6.49727096e-01  -6.48653739e-01  -6.47590497e-01  -6.46537319e-01
  -6.45494153e-01  -6.44460945e-01  -6.43437644e-01  -6.42424199e-01
  -6.41420558e-01  -6.40426669e-01  -6.39442482e-01  -6.38467944e-01
  -6.37503005e-01  -6.36547614e-01  -6.35601720e-01  -6.34665274e-01
  -6.33738224e-01  -6.32820521e-01  -6.31912115e-01  -6.31012956e-01
  -6.30122995e-01  -6.29242182e-01  -6.28370468e-01  -6.27507804e-01
  -6.26654143e-01  -6.25809434e-01  -6.24973631e-01  -6.24146685e-01
  -6.23328548e-01  -6.22519174e-01  -6.21718514e-01  -6.20926522e-01
  -6.20143150e-01  -6.19368353e-01  -6.18602084e-01  -6.17844298e-01
  -6.17094947e-01  -6.16353988e-01  -6.15621374e-01  -6.14897061e-01
  -6.14181004e-01  -6.13473159e-01  -6.12773482e-01  -6.12081929e-01
  -6.11398456e-01  -6.10723020e-01  -6.10055578e-01  -6.09396088e-01
  -6.08744507e-01  -6.08100793e-01  -6.07464905e-01  -6.06836801e-01
  -6.06216440e-01  -6.05603782e-01  -6.04998785e-01  -6.04401410e-01
  -6.03811617e-01  -6.03229367e-01  -6.02654620e-01  -6.02087337e-01
  -6.01527481e-01  -6.00975013e-01  -6.00429895e-01  -5.99892090e-01
  -5.99361561e-01  -5.98838271e-01  -5.98322183e-01  -5.97813263e-01
  -5.97311473e-01  -5.96816780e-01  -5.96329147e-01  -5.95848540e-01
  -5.95374926e-01  -5.94908270e-01  -5.94448540e-01  -5.93995701e-01
  -5.93549721e-01  -5.93110568e-01  -5.92678210e-01  -5.92252616e-01
  -5.91833754e-01  -5.91421594e-01  -5.91016105e-01  -5.90617258e-01
  -5.90225022e-01  -5.89839369e-01  -5.89460269e-01  -5.89087696e-01
  -5.88721619e-01  -5.88362013e-01  -5.88008849e-01  -5.87662102e-01
  -5.87321744e-01  -5.86987750e-01  -5.86660095e-01  -5.86338753e-01
  -5.86023699e-01  -5.85714910e-01  -5.85412362e-01  -5.85116031e-01
  -5.84825894e-01  -5.84541928e-01  -5.84264112e-01  -5.83992425e-01
  -5.83726843e-01  -5.83467348e-01  -5.83213918e-01  -5.82966533e-01
  -5.82725174e-01  -5.82489822e-01  -5.82260459e-01  -5.82037065e-01
  -5.81819623e-01  -5.81608117e-01  -5.81402528e-01  -5.81202841e-01
  -5.81009039e-01  -5.80821108e-01  -5.80639031e-01  -5.80462795e-01
  -5.80292385e-01  -5.80127787e-01  -5.79968988e-01  -5.79815975e-01
  -5.79668736e-01  -5.79527259e-01  -5.79391532e-01  -5.79261544e-01
  -5.79137285e-01  -5.79018744e-01  -5.78905912e-01  -5.78798780e-01
  -5.78697339e-01  -5.78601580e-01  -5.78511496e-01  -5.78427080e-01
  -5.78348324e-01  -5.78275221e-01  -5.78207767e-01  -5.78145955e-01
  -5.78089781e-01  -5.78039239e-01  -5.77994326e-01  -5.77955214e-01
  -5.78113195e-01  -7.21926869e-01   2.45664905e+01   2.47112021e+01]